Time (ns),Distance (Å)
0.000,4.182
0.010,4.177
0.020,4.529
0.030,4.177
0.040,4.270
0.050,4.060
0.060,4.738
0.070,4.772
0.080,4.112
0.090,4.220
0.100,4.053
0.110,4.107
0.120,4.083
0.130,3.687
0.140,4.102
0.150,3.939
0.160,4.167
0.170,4.273
0.180,4.291
0.190,4.354
0.200,4.790
0.210,4.165
0.220,4.683
0.230,4.211
0.240,4.290
0.250,4.196
0.260,3.921
0.270,4.264
0.280,3.957
0.290,3.815
0.300,3.874
0.310,4.415
0.320,4.400
0.330,4.131
0.340,3.835
0.350,3.759
0.360,4.171
0.370,3.989
0.380,4.109
0.390,4.241
0.400,3.956
0.410,3.819
0.420,4.104
0.430,4.661
0.440,3.993
0.450,3.983
0.460,4.153
0.470,4.096
0.480,4.119
0.490,3.767
0.500,4.170
0.510,3.972
0.520,3.596
0.530,4.408
0.540,4.344
0.550,4.030
0.560,4.053
0.570,4.306
0.580,4.379
0.590,4.100
0.600,4.229
0.610,4.087
0.620,4.417
0.630,4.596
0.640,4.085
0.650,3.852
0.660,3.893
0.670,4.067
0.680,4.476
0.690,4.161
0.700,4.379
0.710,4.023
0.720,4.197
0.730,4.064
0.740,4.315
0.750,4.130
0.760,4.216
0.770,4.399
0.780,4.177
0.790,3.820
0.800,4.231
0.810,3.673
0.820,3.754
0.830,4.332
0.840,4.120
0.850,4.099
0.860,3.998
0.870,4.424
0.880,3.963
0.890,4.493
0.900,4.404
0.910,4.306
0.920,4.193
0.930,4.003
0.940,4.006
0.950,4.177
0.960,4.070
0.970,4.290
0.980,4.308
0.990,4.548
1.000,4.238
1.010,4.340
1.020,4.117
1.030,4.205
1.040,4.432
1.050,4.532
1.060,4.572
1.070,4.274
1.080,3.965
1.090,4.489
1.100,4.373
1.110,4.385
1.120,3.993
1.130,4.412
1.140,4.595
1.150,4.816
1.160,4.752
1.170,4.480
1.180,4.276
1.190,4.378
1.200,4.300
1.210,4.416
1.220,4.224
1.230,4.130
1.240,4.577
1.250,4.302
1.260,4.427
1.270,4.438
1.280,4.267
1.290,4.361
1.300,4.337
1.310,4.537
1.320,4.475
1.330,4.218
1.340,4.336
1.350,4.343
1.360,4.434
1.370,4.338
1.380,3.863
1.390,4.489
1.400,4.762
1.410,4.463
1.420,4.538
1.430,4.158
1.440,4.123
1.450,4.129
1.460,4.519
1.470,4.545
1.480,3.896
1.490,4.333
1.500,4.044
1.510,3.909
1.520,4.144
1.530,4.325
1.540,4.255
1.550,4.690
1.560,4.456
1.570,4.431
1.580,4.505
1.590,4.091
1.600,4.290
1.610,4.040
1.620,4.040
1.630,4.202
1.640,3.867
1.650,4.312
1.660,4.663
1.670,4.343
1.680,4.018
1.690,4.158
1.700,4.427
1.710,4.438
1.720,4.610
1.730,4.110
1.740,4.286
1.750,4.102
1.760,4.336
1.770,4.548
1.780,4.381
1.790,4.160
1.800,4.437
1.810,4.133
1.820,4.721
1.830,4.134
1.840,4.653
1.850,4.032
1.860,4.521
1.870,4.471
1.880,4.234
1.890,4.372
1.900,4.524
1.910,4.063
1.920,4.001
1.930,3.986
1.940,3.764
1.950,4.275
1.960,4.712
1.970,4.726
1.980,4.138
1.990,4.377
2.000,3.899
2.010,4.119
2.020,4.332
2.030,4.393
2.040,4.256
2.050,4.599
2.060,4.151
2.070,3.970
2.080,4.095
2.090,4.303
2.100,4.004
2.110,4.387
2.120,4.282
2.130,4.155
2.140,3.977
2.150,4.421
2.160,3.732
2.170,4.601
2.180,4.169
2.190,4.144
2.200,4.544
2.210,4.324
2.220,4.195
2.230,4.082
2.240,3.627
2.250,4.029
2.260,4.227
2.270,4.035
2.280,4.393
2.290,3.998
2.300,3.763
2.310,3.833
2.320,4.279
2.330,4.241
2.340,4.384
2.350,4.569
2.360,4.174
2.370,4.316
2.380,4.203
2.390,4.393
2.400,3.985
2.410,4.188
2.420,3.978
2.430,4.016
2.440,4.460
2.450,3.994
2.460,4.173
2.470,4.098
2.480,4.431
2.490,4.546
2.500,4.193
2.510,4.105
2.520,3.740
2.530,4.394
2.540,4.203
2.550,4.105
2.560,4.199
2.570,4.514
2.580,4.244
2.590,4.283
2.600,4.011
2.610,3.810
2.620,4.527
2.630,4.163
2.640,4.046
2.650,3.924
2.660,4.039
2.670,4.469
2.680,4.295
2.690,4.758
2.700,3.912
2.710,4.344
2.720,4.076
2.730,4.547
2.740,4.279
2.750,4.191
2.760,4.430
2.770,4.096
2.780,4.209
2.790,4.051
2.800,4.652
2.810,4.224
2.820,4.209
2.830,4.432
2.840,3.834
2.850,4.294
2.860,4.250
2.870,4.486
2.880,4.218
2.890,4.424
2.900,4.061
2.910,3.824
2.920,4.251
2.930,3.803
2.940,4.588
2.950,3.963
2.960,4.288
2.970,4.440
2.980,4.269
2.990,4.273
3.000,3.520
3.010,4.278
3.020,4.110
3.030,4.059
3.040,4.568
3.050,4.222
3.060,3.946
3.070,4.109
3.080,3.911
3.090,4.538
3.100,4.416
3.110,4.131
3.120,4.477
3.130,4.006
3.140,4.251
3.150,4.395
3.160,4.062
3.170,4.430
3.180,3.952
3.190,3.620
3.200,4.279
3.210,3.940
3.220,4.029
3.230,4.711
3.240,4.099
3.250,4.008
3.260,4.217
3.270,4.600
3.280,4.166
3.290,3.869
3.300,3.324
3.310,4.685
3.320,4.216
3.330,3.704
3.340,3.500
3.350,4.165
3.360,4.153
3.370,3.825
3.380,3.866
3.390,4.081
3.400,3.924
3.410,4.411
3.420,3.769
3.430,4.230
3.440,4.233
3.450,4.638
3.460,4.214
3.470,3.886
3.480,4.203
3.490,4.398
3.500,4.348
3.510,4.515
3.520,4.479
3.530,4.072
3.540,4.634
3.550,4.476
3.560,4.034
3.570,4.116
3.580,3.903
3.590,3.928
3.600,3.671
3.610,4.381
3.620,4.049
3.630,4.105
3.640,4.030
3.650,4.148
3.660,3.989
3.670,4.232
3.680,4.475
3.690,4.446
3.700,4.246
3.710,4.514
3.720,4.320
3.730,4.168
3.740,4.415
3.750,4.571
3.760,3.917
3.770,4.263
3.780,4.001
3.790,4.339
3.800,4.534
3.810,4.181
3.820,4.199
3.830,4.177
3.840,4.041
3.850,4.116
3.860,3.951
3.870,4.553
3.880,3.962
3.890,3.951
3.900,4.311
3.910,4.448
3.920,4.347
3.930,4.173
3.940,4.287
3.950,4.286
3.960,3.898
3.970,4.292
3.980,4.493
3.990,4.106
4.000,4.569
4.010,4.525
4.020,4.572
4.030,4.045
4.040,4.380
4.050,4.350
4.060,4.162
4.070,4.587
4.080,4.347
4.090,4.316
4.100,4.727
4.110,4.306
4.120,4.392
4.130,4.088
4.140,4.094
4.150,4.129
4.160,4.256
4.170,3.952
4.180,4.447
4.190,4.084
4.200,4.692
4.210,4.024
4.220,3.963
4.230,4.075
4.240,3.863
4.250,4.140
4.260,4.602
4.270,4.122
4.280,4.084
4.290,4.041
4.300,3.925
4.310,4.613
4.320,4.063
4.330,4.064
4.340,4.420
4.350,4.312
4.360,4.093
4.370,3.744
4.380,4.110
4.390,4.503
4.400,4.571
4.410,4.543
4.420,4.743
4.430,4.185
4.440,4.093
4.450,4.519
4.460,3.756
4.470,3.415
4.480,4.323
4.490,3.894
4.500,3.613
4.510,3.882
4.520,4.285
4.530,4.394
4.540,4.110
4.550,4.339
4.560,4.202
4.570,4.475
4.580,4.229
4.590,4.287
4.600,3.976
4.610,4.536
4.620,3.989
4.630,4.151
4.640,3.715
4.650,4.560
4.660,4.330
4.670,3.840
4.680,4.074
4.690,3.795
4.700,4.051
4.710,3.866
4.720,4.482
4.730,4.324
4.740,4.094
4.750,4.105
4.760,4.044
4.770,4.278
4.780,4.172
4.790,4.030
4.800,4.927
4.810,4.342
4.820,4.756
4.830,3.915
4.840,4.324
4.850,4.208
4.860,4.133
4.870,4.361
4.880,4.108
4.890,4.112
4.900,4.155
4.910,4.147
4.920,4.145
4.930,4.046
4.940,4.646
4.950,3.950
4.960,4.313
4.970,4.413
4.980,3.938
4.990,4.181
5.000,4.027
5.010,3.929
5.020,4.274
5.030,4.433
5.040,4.431
5.050,4.021
5.060,4.182
5.070,3.755
5.080,4.235
5.090,4.506
5.100,4.148
5.110,4.073
5.120,4.270
5.130,4.336
5.140,4.324
5.150,4.013
5.160,4.648
5.170,4.375
5.180,4.093
5.190,4.028
5.200,4.366
5.210,4.019
5.220,4.435
5.230,4.195
5.240,4.660
5.250,4.386
5.260,4.526
5.270,4.251
5.280,4.455
5.290,4.620
5.300,3.772
5.310,4.364
5.320,3.812
5.330,4.455
5.340,4.217
5.350,4.557
5.360,4.413
5.370,4.058
5.380,4.593
5.390,3.883
5.400,4.681
5.410,4.426
5.420,3.884
5.430,3.654
5.440,4.215
5.450,3.708
5.460,3.166
5.470,3.903
5.480,4.516
5.490,3.940
5.500,3.713
5.510,3.584
5.520,4.240
5.530,3.970
5.540,4.445
5.550,4.283
5.560,4.781
5.570,4.128
5.580,3.999
5.590,4.393
5.600,4.023
5.610,3.560
5.620,4.191
5.630,4.582
5.640,4.309
5.650,4.551
5.660,3.695
5.670,4.140
5.680,3.734
5.690,3.819
5.700,4.415
5.710,4.034
5.720,3.933
5.730,3.873
5.740,4.094
5.750,4.409
5.760,4.516
5.770,4.165
5.780,3.991
5.790,3.910
5.800,4.047
5.810,4.079
5.820,3.723
5.830,4.081
5.840,3.606
5.850,4.315
5.860,4.074
5.870,4.381
5.880,3.993
5.890,4.276
5.900,4.172
5.910,4.151
5.920,4.505
5.930,4.400
5.940,4.110
5.950,4.158
5.960,4.247
5.970,4.451
5.980,4.188
5.990,4.631
6.000,4.130
6.010,4.234
6.020,4.089
6.030,4.173
6.040,4.330
6.050,4.367
6.060,4.276
6.070,4.602
6.080,3.944
6.090,4.118
6.100,4.508
6.110,3.823
6.120,3.920
6.130,4.246
6.140,4.033
6.150,4.841
6.160,4.139
6.170,4.211
6.180,4.537
6.190,3.610
6.200,4.127
6.210,4.707
6.220,4.246
6.230,4.738
6.240,4.121
6.250,4.324
6.260,4.136
6.270,4.435
6.280,4.289
6.290,3.944
6.300,3.874
6.310,4.040
6.320,4.350
6.330,3.803
6.340,4.188
6.350,3.730
6.360,4.068
6.370,4.290
6.380,4.752
6.390,4.605
6.400,4.308
6.410,4.217
6.420,4.450
6.430,4.112
6.440,4.262
6.450,4.581
6.460,4.602
6.470,4.365
6.480,4.245
6.490,4.050
6.500,4.662
6.510,4.193
6.520,4.209
6.530,3.999
6.540,4.593
6.550,4.405
6.560,4.119
6.570,3.579
6.580,3.989
6.590,4.276
6.600,3.937
6.610,4.310
6.620,3.935
6.630,3.969
6.640,4.031
6.650,3.974
6.660,3.466
6.670,4.223
6.680,4.208
6.690,4.400
6.700,4.169
6.710,3.882
6.720,4.058
6.730,3.801
6.740,4.216
6.750,4.596
6.760,3.480
6.770,4.436
6.780,4.178
6.790,4.428
6.800,4.040
6.810,4.004
6.820,4.033
6.830,3.689
6.840,3.744
6.850,3.770
6.860,4.056
6.870,4.270
6.880,3.876
6.890,3.456
6.900,3.545
6.910,4.167
6.920,4.421
6.930,4.488
6.940,3.971
6.950,3.815
6.960,4.104
6.970,4.419
6.980,3.803
6.990,5.098
7.000,3.989
7.010,4.211
7.020,4.925
7.030,4.658
7.040,4.177
7.050,4.592
7.060,4.541
7.070,3.981
7.080,4.471
7.090,4.171
7.100,4.225
7.110,4.275
7.120,4.173
7.130,4.373
7.140,4.206
7.150,3.825
7.160,4.345
7.170,4.065
7.180,4.130
7.190,4.242
7.200,4.166
7.210,3.940
7.220,4.020
7.230,3.733
7.240,3.565
7.250,4.109
7.260,4.391
7.270,4.391
7.280,4.115
7.290,4.355
7.300,4.255
7.310,4.487
7.320,4.414
7.330,4.375
7.340,4.195
7.350,4.057
7.360,4.299
7.370,4.831
7.380,4.217
7.390,3.913
7.400,3.727
7.410,4.330
7.420,3.775
7.430,3.778
7.440,4.402
7.450,4.571
7.460,4.204
7.470,4.490
7.480,3.413
7.490,3.990
7.500,4.119
7.510,4.222
7.520,3.935
7.530,3.896
7.540,4.276
7.550,3.713
7.560,4.092
7.570,4.147
7.580,4.035
7.590,4.187
7.600,4.338
7.610,4.378
7.620,4.242
7.630,4.261
7.640,4.371
7.650,3.940
7.660,3.771
7.670,4.467
7.680,3.865
7.690,3.842
7.700,4.051
7.710,3.907
7.720,4.144
7.730,3.676
7.740,4.464
7.750,4.285
7.760,4.105
7.770,3.738
7.780,4.016
7.790,3.974
7.800,4.004
7.810,4.476
7.820,3.968
7.830,4.319
7.840,4.338
7.850,4.023
7.860,3.997
7.870,4.045
7.880,3.827
7.890,3.894
7.900,4.028
7.910,4.114
7.920,3.988
7.930,4.445
7.940,3.727
7.950,4.314
7.960,3.959
7.970,4.046
7.980,3.819
7.990,4.092
8.000,4.180
8.010,3.917
8.020,4.115
8.030,3.899
8.040,4.231
8.050,3.930
8.060,4.149
8.070,3.707
8.080,4.685
8.090,4.543
8.100,3.655
8.110,3.799
8.120,4.252
8.130,4.004
8.140,4.139
8.150,4.473
8.160,4.147
8.170,3.924
8.180,4.281
8.190,4.327
8.200,3.968
8.210,3.597
8.220,3.903
8.230,4.243
8.240,4.110
8.250,4.373
8.260,3.964
8.270,3.549
8.280,4.304
8.290,4.185
8.300,3.670
8.310,4.456
8.320,3.733
8.330,4.031
8.340,3.947
8.350,3.997
8.360,3.515
8.370,4.698
8.380,4.021
8.390,4.160
8.400,3.452
8.410,3.891
8.420,4.059
8.430,3.347
8.440,4.115
8.450,4.212
8.460,4.262
8.470,4.998
8.480,4.265
8.490,4.359
8.500,4.463
8.510,4.064
8.520,4.262
8.530,4.497
8.540,4.263
8.550,4.238
8.560,4.515
8.570,4.583
8.580,4.255
8.590,4.257
8.600,4.685
8.610,4.636
8.620,4.261
8.630,4.413
8.640,4.644
8.650,4.735
8.660,4.496
8.670,4.421
8.680,4.475
8.690,4.757
8.700,4.523
8.710,4.120
8.720,4.518
8.730,4.443
8.740,4.174
8.750,4.757
8.760,4.446
8.770,4.850
8.780,4.495
8.790,4.745
8.800,4.378
8.810,4.158
8.820,4.764
8.830,4.340
8.840,4.063
8.850,4.557
8.860,4.159
8.870,4.205
8.880,4.295
8.890,4.322
8.900,4.499
8.910,4.130
8.920,4.742
8.930,4.012
8.940,4.616
8.950,4.009
8.960,4.445
8.970,4.211
8.980,4.218
8.990,4.010
9.000,4.508
9.010,4.439
9.020,4.598
9.030,4.505
9.040,4.392
9.050,4.701
9.060,4.310
9.070,4.077
9.080,4.219
9.090,4.066
9.100,4.713
9.110,4.402
9.120,4.638
9.130,4.302
9.140,4.450
9.150,4.909
9.160,4.576
9.170,4.312
9.180,4.410
9.190,4.571
9.200,5.174
9.210,4.441
9.220,4.063
9.230,4.791
9.240,4.463
9.250,3.884
9.260,4.080
9.270,4.422
9.280,4.164
9.290,4.371
9.300,4.616
9.310,4.104
9.320,4.072
9.330,3.956
9.340,4.410
9.350,3.888
9.360,4.420
9.370,3.890
9.380,4.622
9.390,4.555
9.400,4.252
9.410,4.607
9.420,4.576
9.430,4.491
9.440,4.762
9.450,4.503
9.460,4.391
9.470,4.480
9.480,4.417
9.490,4.413
9.500,4.428
9.510,4.436
9.520,4.158
9.530,4.709
9.540,4.484
9.550,4.825
9.560,4.704
9.570,4.033
9.580,4.625
9.590,4.287
9.600,4.110
9.610,4.589
9.620,4.266
9.630,4.047
9.640,4.492
9.650,4.506
9.660,3.940
9.670,4.692
9.680,4.331
9.690,4.333
9.700,4.325
9.710,4.392
9.720,3.782
9.730,3.943
9.740,3.522
9.750,4.557
9.760,3.949
9.770,3.940
9.780,4.377
9.790,4.420
9.800,4.458
9.810,4.347
9.820,4.333
9.830,3.997
9.840,3.974
9.850,4.030
9.860,3.958
9.870,4.024
9.880,4.368
9.890,4.233
9.900,4.226
9.910,4.364
9.920,4.352
9.930,4.513
9.940,4.247
9.950,4.361
9.960,4.626
9.970,4.285
9.980,4.151
9.990,4.222
10.000,4.764
10.010,4.534
10.020,4.220
10.030,4.291
10.040,4.750
10.050,4.427
10.060,3.955
10.070,4.182
10.080,4.432
10.090,4.207
10.100,4.444
10.110,4.464
10.120,4.398
10.130,3.719
10.140,4.599
10.150,4.847
10.160,4.326
10.170,4.250
10.180,4.171
10.190,4.210
10.200,4.061
10.210,4.381
10.220,4.579
10.230,4.022
10.240,4.533
10.250,4.796
10.260,4.150
10.270,4.295
10.280,4.530
10.290,4.125
10.300,4.225
10.310,4.059
10.320,4.215
10.330,3.991
10.340,4.170
10.350,3.935
10.360,4.218
10.370,4.512
10.380,4.505
10.390,4.025
10.400,3.927
10.410,4.073
10.420,4.389
10.430,3.989
10.440,3.715
10.450,3.797
10.460,4.192
10.470,4.249
10.480,4.124
10.490,4.051
10.500,4.109
10.510,3.835
10.520,4.221
10.530,4.525
10.540,3.979
10.550,4.213
10.560,3.937
10.570,3.791
10.580,4.275
10.590,3.978
10.600,4.320
10.610,4.594
10.620,4.251
10.630,4.301
10.640,3.856
10.650,4.408
10.660,3.709
10.670,4.645
10.680,4.209
10.690,4.473
10.700,3.856
10.710,4.248
10.720,4.033
10.730,4.040
10.740,4.417
10.750,3.932
10.760,3.832
10.770,3.937
10.780,4.041
10.790,3.798
10.800,3.846
10.810,4.710
10.820,4.226
10.830,3.902
10.840,3.982
10.850,3.727
10.860,3.957
10.870,3.850
10.880,4.040
10.890,3.786
10.900,3.976
10.910,4.703
10.920,4.273
10.930,4.592
10.940,4.006
10.950,4.037
10.960,4.251
10.970,4.056
10.980,4.058
10.990,4.571
11.000,4.135
11.010,3.792
11.020,4.421
11.030,4.199
11.040,3.963
11.050,4.542
11.060,4.264
11.070,4.089
11.080,4.239
11.090,4.282
11.100,4.085
11.110,3.567
11.120,4.017
11.130,3.467
11.140,4.297
11.150,4.069
11.160,4.030
11.170,3.765
11.180,4.389
11.190,3.772
11.200,4.140
11.210,3.978
11.220,4.191
11.230,4.478
11.240,4.214
11.250,3.396
11.260,4.007
11.270,4.144
11.280,4.266
11.290,4.208
11.300,3.589
11.310,4.451
11.320,4.257
11.330,4.021
11.340,4.240
11.350,3.755
11.360,4.145
11.370,4.287
11.380,4.138
11.390,3.846
11.400,3.818
11.410,4.259
11.420,4.204
11.430,4.288
11.440,4.464
11.450,4.078
11.460,4.493
11.470,4.143
11.480,4.460
11.490,3.948
11.500,5.035
11.510,3.936
11.520,4.113
11.530,4.385
11.540,4.592
11.550,4.031
11.560,4.308
11.570,4.031
11.580,4.427
11.590,4.707
11.600,4.594
11.610,4.422
11.620,4.300
11.630,3.980
11.640,4.166
11.650,4.620
11.660,4.346
11.670,4.481
11.680,4.594
11.690,4.350
11.700,4.107
11.710,4.546
11.720,4.319
11.730,4.339
11.740,4.065
11.750,3.685
11.760,4.510
11.770,4.179
11.780,4.190
11.790,4.664
11.800,4.685
11.810,4.346
11.820,4.184
11.830,4.239
11.840,4.520
11.850,3.969
11.860,3.837
11.870,4.341
11.880,4.266
11.890,4.260
11.900,4.406
11.910,4.404
11.920,4.802
11.930,4.553
11.940,4.360
11.950,4.735
11.960,4.543
11.970,4.262
11.980,4.392
11.990,4.291
12.000,4.264
12.010,4.305
12.020,4.126
12.030,4.251
12.040,3.986
12.050,4.540
12.060,3.799
12.070,4.054
12.080,4.065
12.090,4.389
12.100,3.964
12.110,4.232
12.120,4.419
12.130,4.201
12.140,4.013
12.150,4.718
12.160,4.758
12.170,4.627
12.180,3.982
12.190,4.278
12.200,4.632
12.210,4.322
12.220,4.709
12.230,4.936
12.240,4.636
12.250,4.596
12.260,4.471
12.270,4.316
12.280,4.300
12.290,4.474
12.300,4.165
12.310,4.439
12.320,4.485
12.330,4.686
12.340,4.889
12.350,4.279
12.360,3.939
12.370,4.336
12.380,4.013
12.390,4.456
12.400,4.738
12.410,4.457
12.420,4.387
12.430,4.344
12.440,4.546
12.450,4.358
12.460,3.931
12.470,4.322
12.480,4.751
12.490,3.579
12.500,4.821
12.510,4.073
12.520,4.630
12.530,4.608
12.540,4.519
12.550,4.747
12.560,4.297
12.570,3.672
12.580,4.595
12.590,3.616
12.600,4.166
12.610,3.900
12.620,3.907
12.630,4.006
12.640,4.260
12.650,4.215
12.660,3.900
12.670,4.844
12.680,4.018
12.690,3.787
12.700,4.632
12.710,4.198
12.720,4.690
12.730,4.204
12.740,4.577
12.750,4.772
12.760,4.613
12.770,4.181
12.780,4.594
12.790,4.552
12.800,4.222
12.810,4.075
12.820,4.498
12.830,4.680
12.840,4.721
12.850,4.169
12.860,4.809
12.870,4.733
12.880,4.586
12.890,4.342
12.900,4.037
12.910,4.183
12.920,4.195
12.930,4.179
12.940,4.357
12.950,3.996
12.960,4.532
12.970,4.297
12.980,4.662
12.990,4.691
13.000,4.443
13.010,4.126
13.020,3.760
13.030,4.177
13.040,4.484
13.050,4.520
13.060,4.199
13.070,4.388
13.080,4.695
13.090,3.954
13.100,4.253
13.110,4.591
13.120,4.662
13.130,4.576
13.140,4.503
13.150,4.128
13.160,4.197
13.170,4.019
13.180,4.258
13.190,3.571
13.200,3.760
13.210,3.794
13.220,4.419
13.230,4.223
13.240,4.535
13.250,4.179
13.260,3.644
13.270,4.207
13.280,4.091
13.290,4.029
13.300,4.065
13.310,4.437
13.320,4.603
13.330,4.543
13.340,4.437
13.350,3.918
13.360,3.299
13.370,4.226
13.380,4.601
13.390,4.261
13.400,4.605
13.410,4.041
13.420,4.240
13.430,4.517
13.440,4.622
13.450,4.342
13.460,4.453
13.470,3.968
13.480,4.718
13.490,4.059
13.500,4.848
13.510,4.203
13.520,4.626
13.530,4.743
13.540,4.385
13.550,4.419
13.560,4.975
13.570,4.773
13.580,4.323
13.590,4.379
13.600,4.822
13.610,4.705
13.620,4.866
13.630,4.455
13.640,4.695
13.650,4.425
13.660,4.412
13.670,4.201
13.680,4.453
13.690,4.620
13.700,4.513
13.710,4.102
13.720,4.215
13.730,4.354
13.740,3.735
13.750,4.406
13.760,4.417
13.770,3.924
13.780,4.384
13.790,4.153
13.800,4.183
13.810,4.281
13.820,4.231
13.830,4.127
13.840,4.334
13.850,4.160
13.860,4.852
13.870,4.820
13.880,4.543
13.890,4.235
13.900,4.210
13.910,4.377
13.920,3.908
13.930,4.242
13.940,4.389
13.950,4.508
13.960,4.502
13.970,4.090
13.980,4.076
13.990,4.460
14.000,3.978
14.010,3.830
14.020,4.137
14.030,4.298
14.040,4.049
14.050,4.408
14.060,3.793
14.070,3.943
14.080,4.061
14.090,3.939
14.100,4.355
14.110,4.145
14.120,4.305
14.130,3.703
14.140,3.955
14.150,4.155
14.160,4.154
14.170,4.365
14.180,4.111
14.190,3.913
14.200,4.007
14.210,4.093
14.220,3.958
14.230,4.034
14.240,4.163
14.250,4.111
14.260,4.148
14.270,3.965
14.280,4.728
14.290,3.986
14.300,3.926
14.310,4.425
14.320,3.881
14.330,4.118
14.340,3.971
14.350,4.820
14.360,3.859
14.370,4.014
14.380,4.151
14.390,3.871
14.400,4.175
14.410,4.090
14.420,3.734
14.430,4.341
14.440,4.372
14.450,4.449
14.460,4.352
14.470,4.376
14.480,4.428
14.490,3.969
14.500,4.269
14.510,4.429
14.520,4.167
14.530,3.721
14.540,4.249
14.550,4.289
14.560,4.221
14.570,3.962
14.580,4.021
14.590,3.659
14.600,4.196
14.610,4.123
14.620,3.890
14.630,3.916
14.640,3.897
14.650,4.239
14.660,3.771
14.670,3.932
14.680,4.208
14.690,4.610
14.700,4.464
14.710,4.538
14.720,4.676
14.730,4.368
14.740,4.534
14.750,4.456
14.760,4.649
14.770,4.264
14.780,4.277
14.790,4.715
14.800,4.475
14.810,4.125
14.820,4.515
14.830,4.496
14.840,3.935
14.850,4.371
14.860,4.605
14.870,3.942
14.880,4.418
14.890,4.056
14.900,4.828
14.910,4.483
14.920,3.797
14.930,4.556
14.940,3.623
14.950,4.518
14.960,4.845
14.970,4.125
14.980,4.598
14.990,3.649
15.000,4.165
15.010,4.300
15.020,3.935
15.030,4.656
15.040,4.819
15.050,4.876
15.060,4.596
15.070,4.629
15.080,4.719
15.090,4.544
15.100,4.221
15.110,4.527
15.120,4.381
15.130,4.280
15.140,4.197
15.150,4.322
15.160,4.310
15.170,4.427
15.180,4.284
15.190,4.133
15.200,3.985
15.210,4.114
15.220,4.733
15.230,4.186
15.240,4.377
15.250,4.338
15.260,4.030
15.270,4.142
15.280,4.220
15.290,4.027
15.300,4.199
15.310,4.046
15.320,4.621
15.330,4.239
15.340,4.086
15.350,3.970
15.360,4.297
15.370,4.565
15.380,4.370
15.390,3.964
15.400,4.236
15.410,4.181
15.420,4.127
15.430,4.384
15.440,4.049
15.450,4.705
15.460,4.564
15.470,4.638
15.480,4.227
15.490,3.820
15.500,4.252
15.510,4.395
15.520,3.872
15.530,3.949
15.540,4.138
15.550,4.076
15.560,3.946
15.570,3.653
15.580,3.760
15.590,3.708
15.600,4.043
15.610,3.561
15.620,3.372
15.630,3.807
15.640,3.859
15.650,3.957
15.660,4.021
15.670,3.910
15.680,4.193
15.690,4.164
15.700,4.208
15.710,3.848
15.720,4.202
15.730,3.982
15.740,4.283
15.750,3.984
15.760,4.579
15.770,3.644
15.780,4.108
15.790,3.535
15.800,3.772
15.810,4.047
15.820,4.611
15.830,4.095
15.840,3.827
15.850,4.086
15.860,4.059
15.870,3.976
15.880,4.386
15.890,3.257
15.900,4.110
15.910,4.247
15.920,4.003
15.930,4.261
15.940,3.932
15.950,4.543
15.960,4.004
15.970,3.900
15.980,4.060
15.990,4.052
16.000,3.861
16.010,3.298
16.020,4.317
16.030,4.297
16.040,4.204
16.050,4.022
16.060,3.563
16.070,4.374
16.080,4.200
16.090,3.856
16.100,4.140
16.110,4.074
16.120,3.780
16.130,4.636
16.140,4.082
16.150,4.428
16.160,3.998
16.170,3.893
16.180,4.534
16.190,4.362
16.200,3.868
16.210,4.269
16.220,4.168
16.230,4.152
16.240,4.721
16.250,4.095
16.260,4.317
16.270,3.711
16.280,4.672
16.290,4.119
16.300,4.267
16.310,4.623
16.320,3.938
16.330,3.697
16.340,4.514
16.350,4.322
16.360,4.041
16.370,4.009
16.380,3.613
16.390,3.653
16.400,3.730
16.410,4.154
16.420,3.762
16.430,3.573
16.440,4.087
16.450,4.109
16.460,4.333
16.470,3.984
16.480,4.165
16.490,4.213
16.500,4.568
16.510,4.118
16.520,4.294
16.530,4.189
16.540,3.958
16.550,3.448
16.560,4.588
16.570,3.959
16.580,4.230
16.590,4.114
16.600,3.999
16.610,4.559
16.620,4.551
16.630,4.352
16.640,4.363
16.650,4.120
16.660,4.145
16.670,4.086
16.680,4.633
16.690,4.570
16.700,4.425
16.710,4.445
16.720,4.332
16.730,4.354
16.740,4.486
16.750,4.340
16.760,4.423
16.770,4.098
16.780,4.818
16.790,4.417
16.800,4.570
16.810,4.220
16.820,4.244
16.830,4.752
16.840,4.128
16.850,4.027
16.860,3.904
16.870,4.198
16.880,4.015
16.890,4.075
16.900,3.689
16.910,4.265
16.920,4.622
16.930,4.059
16.940,4.543
16.950,3.986
16.960,4.452
16.970,4.166
16.980,4.110
16.990,4.104
17.000,4.148
17.010,3.707
17.020,4.016
17.030,4.421
17.040,4.712
17.050,4.483
17.060,4.278
17.070,4.163
17.080,4.050
17.090,3.916
17.100,4.591
17.110,4.058
17.120,4.451
17.130,4.442
17.140,3.795
17.150,4.200
17.160,3.975
17.170,3.998
17.180,4.305
17.190,4.564
17.200,4.427
17.210,3.963
17.220,4.641
17.230,4.191
17.240,3.971
17.250,4.356
17.260,4.290
17.270,4.456
17.280,4.705
17.290,4.381
17.300,4.205
17.310,4.544
17.320,4.769
17.330,4.271
17.340,3.962
17.350,4.198
17.360,4.154
17.370,3.969
17.380,4.413
17.390,4.678
17.400,4.633
17.410,4.545
17.420,4.046
17.430,4.426
17.440,4.014
17.450,4.320
17.460,3.890
17.470,3.678
17.480,4.042
17.490,4.319
17.500,4.094
17.510,4.232
17.520,3.900
17.530,4.664
17.540,4.776
17.550,4.129
17.560,4.543
17.570,3.922
17.580,4.140
17.590,4.647
17.600,4.476
17.610,4.260
17.620,4.364
17.630,4.187
17.640,4.272
17.650,4.670
17.660,4.136
17.670,4.725
17.680,4.454
17.690,4.101
17.700,4.648
17.710,4.375
17.720,4.451
17.730,4.169
17.740,4.283
17.750,4.531
17.760,4.475
17.770,4.154
17.780,4.464
17.790,4.034
17.800,4.201
17.810,4.304
17.820,4.154
17.830,4.240
17.840,4.439
17.850,4.377
17.860,4.408
17.870,4.545
17.880,4.375
17.890,4.590
17.900,4.952
17.910,4.141
17.920,3.908
17.930,4.105
17.940,4.306
17.950,4.366
17.960,4.545
17.970,4.345
17.980,4.517
17.990,4.429
18.000,4.388
18.010,4.035
18.020,4.025
18.030,4.004
18.040,4.052
18.050,4.136
18.060,4.039
18.070,4.052
18.080,4.404
18.090,4.900
18.100,4.864
18.110,4.904
18.120,4.720
18.130,4.109
18.140,4.531
18.150,4.304
18.160,4.535
18.170,4.292
18.180,4.655
18.190,4.374
18.200,4.260
18.210,4.494
18.220,4.211
18.230,4.036
18.240,4.126
18.250,4.392
18.260,4.579
18.270,4.446
18.280,4.519
18.290,4.364
18.300,4.261
18.310,4.315
18.320,4.550
18.330,4.525
18.340,3.963
18.350,4.313
18.360,4.181
18.370,4.263
18.380,4.661
18.390,4.843
18.400,3.962
18.410,4.386
18.420,4.132
18.430,4.425
18.440,4.286
18.450,3.805
18.460,4.331
18.470,4.445
18.480,4.012
18.490,3.898
18.500,3.880
18.510,4.187
18.520,4.400
18.530,4.427
18.540,4.329
18.550,4.298
18.560,4.341
18.570,3.919
18.580,4.818
18.590,4.218
18.600,3.943
18.610,4.234
18.620,3.928
18.630,4.208
18.640,4.131
18.650,3.850
18.660,4.401
18.670,4.269
18.680,4.252
18.690,4.294
18.700,4.393
18.710,4.220
18.720,3.967
18.730,4.406
18.740,4.640
18.750,4.700
18.760,4.391
18.770,4.912
18.780,4.267
18.790,4.016
18.800,3.882
18.810,4.270
18.820,4.054
18.830,4.286
18.840,4.360
18.850,4.040
18.860,4.780
18.870,4.739
18.880,4.534
18.890,4.279
18.900,4.556
18.910,4.780
18.920,4.161
18.930,3.993
18.940,4.739
18.950,4.183
18.960,3.764
18.970,3.986
18.980,4.270
18.990,4.133
19.000,4.155
19.010,4.846
19.020,4.516
19.030,4.574
19.040,4.105
19.050,4.260
19.060,4.229
19.070,4.445
19.080,3.843
19.090,4.543
19.100,4.798
19.110,4.171
19.120,4.393
19.130,4.570
19.140,4.031
19.150,4.332
19.160,4.288
19.170,3.905
19.180,4.417
19.190,4.235
19.200,4.250
19.210,4.275
19.220,4.249
19.230,3.621
19.240,4.563
19.250,4.338
19.260,4.369
19.270,3.874
19.280,4.382
19.290,4.283
19.300,4.537
19.310,4.274
19.320,4.424
19.330,4.039
19.340,4.613
19.350,4.340
19.360,4.006
19.370,4.166
19.380,4.270
19.390,4.708
19.400,4.412
19.410,4.001
19.420,4.428
19.430,4.564
19.440,4.511
19.450,4.164
19.460,4.101
19.470,4.380
19.480,4.338
19.490,4.146
19.500,4.338
19.510,5.023
19.520,4.474
19.530,4.581
19.540,4.246
19.550,3.969
19.560,4.394
19.570,4.014
19.580,3.996
19.590,4.690
19.600,4.773
19.610,4.240
19.620,4.421
19.630,4.086
19.640,4.357
19.650,4.374
19.660,4.073
19.670,3.844
19.680,3.867
19.690,4.030
19.700,4.209
19.710,4.266
19.720,4.481
19.730,4.330
19.740,4.148
19.750,4.069
19.760,4.393
19.770,4.593
19.780,4.084
19.790,4.353
19.800,4.136
19.810,4.670
19.820,4.087
19.830,4.431
19.840,4.454
19.850,4.384
19.860,4.357
19.870,4.262
19.880,4.635
19.890,4.517
19.900,4.322
19.910,4.302
19.920,4.230
19.930,4.452
19.940,4.302
19.950,4.922
19.960,4.712
19.970,4.187
19.980,4.519
19.990,4.302
20.000,4.333
20.010,4.197
20.020,4.361
20.030,4.279
20.040,4.757
20.050,4.088
20.060,4.401
20.070,4.212
20.080,4.256
20.090,4.327
20.100,4.168
20.110,3.994
20.120,4.220
20.130,4.439
20.140,3.943
20.150,4.428
20.160,3.969
20.170,3.912
20.180,4.600
20.190,3.756
20.200,3.858
20.210,4.028
20.220,4.776
20.230,4.415
20.240,4.477
20.250,4.143
20.260,4.020
20.270,4.123
20.280,4.112
20.290,3.991
20.300,4.316
20.310,4.238
20.320,4.171
20.330,4.810
20.340,4.396
20.350,4.662
20.360,4.251
20.370,3.869
20.380,3.964
20.390,3.897
20.400,3.909
20.410,4.028
20.420,4.298
20.430,3.843
20.440,4.267
20.450,4.471
20.460,3.978
20.470,3.898
20.480,3.956
20.490,3.529
20.500,4.086
20.510,4.136
20.520,4.005
20.530,4.199
20.540,4.010
20.550,3.554
20.560,3.905
20.570,3.894
20.580,3.803
20.590,4.131
20.600,3.790
20.610,4.713
20.620,4.232
20.630,4.352
20.640,3.741
20.650,4.280
20.660,4.059
20.670,3.621
20.680,4.162
20.690,4.257
20.700,4.598
20.710,4.321
20.720,4.052
20.730,4.090
20.740,4.239
20.750,3.873
20.760,3.616
20.770,4.158
20.780,3.807
20.790,3.931
20.800,4.217
20.810,3.705
20.820,3.851
20.830,4.082
20.840,3.803
20.850,4.299
20.860,4.185
20.870,3.977
20.880,3.667
20.890,4.247
20.900,4.121
20.910,4.336
20.920,4.398
20.930,4.484
20.940,4.542
20.950,4.076
20.960,3.948
20.970,4.348
20.980,4.224
20.990,4.283
21.000,3.959
21.010,3.940
21.020,4.488
21.030,4.285
21.040,4.082
21.050,3.880
21.060,3.736
21.070,4.618
21.080,4.489
21.090,4.700
21.100,4.020
21.110,4.512
21.120,4.792
21.130,4.430
21.140,4.222
21.150,4.690
21.160,4.680
21.170,4.461
21.180,4.002
21.190,4.400
21.200,4.166
21.210,4.153
21.220,4.180
21.230,4.318
21.240,4.133
21.250,4.367
21.260,4.421
21.270,4.251
21.280,4.402
21.290,4.123
21.300,4.569
21.310,4.175
21.320,4.248
21.330,4.529
21.340,4.122
21.350,3.823
21.360,4.187
21.370,3.757
21.380,4.332
21.390,4.043
21.400,4.383
21.410,4.276
21.420,4.356
21.430,4.224
21.440,4.440
21.450,4.480
21.460,3.791
21.470,4.442
21.480,4.362
21.490,4.051
21.500,4.140
21.510,4.209
21.520,4.245
21.530,4.490
21.540,3.880
21.550,4.284
21.560,3.793
21.570,3.973
21.580,3.713
21.590,3.743
21.600,3.984
21.610,4.647
21.620,3.755
21.630,3.995
21.640,3.938
21.650,3.664
21.660,4.286
21.670,4.204
21.680,3.860
21.690,4.052
21.700,4.021
21.710,4.101
21.720,3.665
21.730,4.322
21.740,4.289
21.750,4.400
21.760,4.123
21.770,3.989
21.780,4.377
21.790,4.258
21.800,4.310
21.810,4.204
21.820,4.255
21.830,4.540
21.840,3.981
21.850,4.267
21.860,4.013
21.870,3.799
21.880,4.405
21.890,3.781
21.900,3.554
21.910,3.986
21.920,4.354
21.930,4.343
21.940,4.447
21.950,4.259
21.960,4.316
21.970,4.425
21.980,4.511
21.990,3.988
22.000,4.183
22.010,4.143
22.020,4.494
22.030,4.242
22.040,4.168
22.050,4.289
22.060,4.161
22.070,4.258
22.080,4.419
22.090,4.694
22.100,4.401
22.110,4.572
22.120,4.385
22.130,4.252
22.140,4.117
22.150,4.152
22.160,4.219
22.170,4.233
22.180,4.210
22.190,3.747
22.200,3.853
22.210,3.624
22.220,4.711
22.230,4.308
22.240,4.193
22.250,4.687
22.260,4.599
22.270,4.109
22.280,4.125
22.290,4.192
22.300,4.214
22.310,4.118
22.320,3.927
22.330,4.268
22.340,4.477
22.350,4.517
22.360,3.894
22.370,4.416
22.380,4.427
22.390,4.355
22.400,4.115
22.410,4.445
22.420,3.956
22.430,4.058
22.440,4.363
22.450,4.551
22.460,3.643
22.470,4.105
22.480,4.458
22.490,4.364
22.500,4.599
22.510,4.141
22.520,4.119
22.530,3.946
22.540,3.839
22.550,4.373
22.560,4.797
22.570,4.102
22.580,4.411
22.590,4.741
22.600,4.420
22.610,4.620
22.620,4.400
22.630,4.018
22.640,4.278
22.650,4.483
22.660,4.343
22.670,4.804
22.680,4.270
22.690,4.725
22.700,4.615
22.710,4.260
22.720,4.526
22.730,4.293
22.740,4.492
22.750,4.158
22.760,4.839
22.770,4.593
22.780,4.960
22.790,4.387
22.800,4.523
22.810,4.378
22.820,4.725
22.830,4.278
22.840,4.324
22.850,4.637
22.860,4.631
22.870,4.860
22.880,4.606
22.890,4.869
22.900,4.879
22.910,4.627
22.920,4.674
22.930,4.460
22.940,4.459
22.950,4.660
22.960,4.549
22.970,4.475
22.980,4.669
22.990,4.434
23.000,4.640
23.010,4.025
23.020,4.144
23.030,4.455
23.040,4.589
23.050,4.512
23.060,4.201
23.070,4.595
23.080,4.187
23.090,4.085
23.100,4.710
23.110,4.530
23.120,4.540
23.130,4.254
23.140,4.259
23.150,4.283
23.160,4.433
23.170,4.486
23.180,4.545
23.190,4.670
23.200,4.437
23.210,4.313
23.220,4.413
23.230,4.367
23.240,4.273
23.250,4.763
23.260,4.282
23.270,4.432
23.280,4.414
23.290,4.805
23.300,4.177
23.310,4.202
23.320,4.147
23.330,4.724
23.340,4.403
23.350,5.102
23.360,4.339
23.370,4.522
23.380,4.376
23.390,4.504
23.400,4.395
23.410,3.849
23.420,4.331
23.430,4.271
23.440,4.196
23.450,4.612
23.460,4.860
23.470,4.729
23.480,4.419
23.490,3.928
23.500,4.905
23.510,4.499
23.520,4.075
23.530,4.424
23.540,3.544
23.550,4.988
23.560,4.518
23.570,4.380
23.580,4.305
23.590,4.373
23.600,4.063
23.610,3.870
23.620,3.878
23.630,4.307
23.640,4.317
23.650,4.216
23.660,4.053
23.670,4.644
23.680,4.411
23.690,3.567
23.700,4.067
23.710,4.181
23.720,3.756
23.730,4.516
23.740,3.817
23.750,4.273
23.760,3.851
23.770,4.285
23.780,4.516
23.790,3.889
23.800,4.167
23.810,4.702
23.820,4.116
23.830,4.568
23.840,4.721
23.850,4.632
23.860,4.128
23.870,4.632
23.880,4.258
23.890,4.073
23.900,4.273
23.910,4.720
23.920,4.502
23.930,4.321
23.940,4.662
23.950,4.444
23.960,4.617
23.970,4.251
23.980,4.264
23.990,4.233
24.000,3.860
24.010,4.410
24.020,4.081
24.030,4.581
24.040,4.564
24.050,4.915
24.060,4.667
24.070,4.676
24.080,4.788
24.090,4.777
24.100,4.789
24.110,4.376
24.120,4.632
24.130,4.689
24.140,4.918
24.150,4.799
24.160,4.829
24.170,4.526
24.180,4.383
24.190,4.608
24.200,4.302
24.210,4.866
24.220,4.375
24.230,4.516
24.240,4.385
24.250,5.053
24.260,4.433
24.270,4.615
24.280,5.127
24.290,4.586
24.300,5.279
24.310,5.167
24.320,4.836
24.330,4.649
24.340,4.637
24.350,4.641
24.360,5.075
24.370,4.782
24.380,4.668
24.390,4.719
24.400,4.366
24.410,4.642
24.420,4.496
24.430,4.680
24.440,4.579
24.450,4.500
24.460,4.528
24.470,4.762
24.480,4.782
24.490,4.953
24.500,5.004
24.510,5.014
24.520,5.376
24.530,4.691
24.540,4.906
24.550,4.406
24.560,5.254
24.570,4.554
24.580,4.609
24.590,4.161
24.600,4.555
24.610,4.571
24.620,4.165
24.630,4.414
24.640,4.261
24.650,4.387
24.660,4.784
24.670,4.208
24.680,4.499
24.690,4.762
24.700,4.213
24.710,4.676
24.720,4.910
24.730,4.459
24.740,4.786
24.750,4.842
24.760,4.675
24.770,4.782
24.780,4.662
24.790,4.665
24.800,4.717
24.810,4.735
24.820,4.467
24.830,4.985
24.840,4.474
24.850,4.896
24.860,4.371
24.870,4.568
24.880,4.525
24.890,4.602
24.900,4.348
24.910,4.871
24.920,4.818
24.930,4.462
24.940,4.617
24.950,3.907
24.960,4.632
24.970,4.284
24.980,4.896
24.990,4.615
25.000,4.679
25.010,4.265
25.020,4.752
25.030,4.753
25.040,4.796
25.050,4.510
25.060,5.214
25.070,4.409
25.080,4.747
25.090,4.944
25.100,4.428
25.110,4.741
25.120,4.770
25.130,4.460
25.140,4.431
25.150,4.859
25.160,4.811
25.170,3.830
25.180,4.473
25.190,4.634
25.200,4.857
25.210,4.565
25.220,4.613
25.230,4.439
25.240,4.606
25.250,4.905
25.260,4.888
25.270,4.432
25.280,5.113
25.290,4.372
25.300,4.355
25.310,4.268
25.320,4.614
25.330,4.475
25.340,4.630
25.350,4.317
25.360,4.849
25.370,4.407
25.380,4.470
25.390,5.102
25.400,4.855
25.410,5.243
25.420,5.235
25.430,4.656
25.440,4.294
25.450,4.564
25.460,4.516
25.470,4.348
25.480,4.408
25.490,4.390
25.500,4.812
25.510,4.896
25.520,4.892
25.530,4.622
25.540,4.812
25.550,4.728
25.560,4.626
25.570,4.706
25.580,4.222
25.590,4.490
25.600,4.093
25.610,3.950
25.620,4.103
25.630,4.754
25.640,4.180
25.650,4.335
25.660,4.401
25.670,3.924
25.680,4.173
25.690,4.441
25.700,4.778
25.710,4.788
25.720,4.448
25.730,4.425
25.740,4.096
25.750,3.848
25.760,3.948
25.770,4.345
25.780,3.986
25.790,4.610
25.800,4.049
25.810,4.021
25.820,4.384
25.830,3.727
25.840,3.971
25.850,4.513
25.860,4.223
25.870,4.666
25.880,4.098
25.890,3.867
25.900,4.553
25.910,4.304
25.920,4.212
25.930,3.976
25.940,4.144
25.950,4.994
25.960,4.536
25.970,4.938
25.980,3.872
25.990,4.257
26.000,4.818
26.010,4.515
26.020,4.132
26.030,4.610
26.040,4.787
26.050,4.158
26.060,4.181
26.070,4.308
26.080,4.168
26.090,4.487
26.100,4.712
26.110,4.298
26.120,4.289
26.130,4.688
26.140,4.442
26.150,4.375
26.160,4.977
26.170,4.028
26.180,4.359
26.190,4.431
26.200,5.132
26.210,4.387
26.220,4.432
26.230,3.951
26.240,4.145
26.250,5.147
26.260,4.096
26.270,4.183
26.280,4.320
26.290,4.407
26.300,4.016
26.310,4.339
26.320,3.777
26.330,4.662
26.340,4.581
26.350,4.299
26.360,4.345
26.370,4.699
26.380,4.559
26.390,4.455
26.400,4.367
26.410,3.906
26.420,4.714
26.430,4.899
26.440,4.992
26.450,4.567
26.460,4.474
26.470,4.813
26.480,4.553
26.490,4.886
26.500,4.276
26.510,4.069
26.520,4.676
26.530,4.546
26.540,3.943
26.550,4.023
26.560,5.044
26.570,4.905
26.580,4.885
26.590,4.515
26.600,4.582
26.610,4.420
26.620,4.878
26.630,4.728
26.640,4.738
26.650,4.836
26.660,4.716
26.670,4.255
26.680,4.527
26.690,4.479
26.700,4.783
26.710,4.617
26.720,4.686
26.730,4.426
26.740,4.648
26.750,4.649
26.760,4.983
26.770,4.525
26.780,4.478
26.790,5.015
26.800,4.897
26.810,4.922
26.820,4.446
26.830,4.974
26.840,4.455
26.850,4.429
26.860,4.667
26.870,4.720
26.880,4.798
26.890,4.864
26.900,4.628
26.910,4.615
26.920,4.982
26.930,4.585
26.940,4.378
26.950,4.463
26.960,5.103
26.970,4.558
26.980,4.399
26.990,4.405
27.000,4.536
27.010,4.722
27.020,4.647
27.030,4.134
27.040,4.627
27.050,4.655
27.060,4.551
27.070,4.254
27.080,4.714
27.090,4.513
27.100,4.860
27.110,4.782
27.120,4.393
27.130,4.707
27.140,4.189
27.150,4.367
27.160,4.357
27.170,4.504
27.180,4.361
27.190,4.498
27.200,4.597
27.210,4.466
27.220,4.748
27.230,4.364
27.240,4.893
27.250,4.689
27.260,4.460
27.270,4.559
27.280,5.348
27.290,4.589
27.300,4.508
27.310,4.478
27.320,4.667
27.330,4.590
27.340,4.690
27.350,4.718
27.360,4.568
27.370,4.757
27.380,4.733
27.390,4.503
27.400,4.585
27.410,5.006
27.420,4.747
27.430,4.373
27.440,4.986
27.450,4.416
27.460,4.879
27.470,4.664
27.480,4.421
27.490,4.353
27.500,4.271
27.510,4.306
27.520,4.985
27.530,4.561
27.540,4.588
27.550,4.618
27.560,4.539
27.570,4.521
27.580,4.459
27.590,4.578
27.600,4.614
27.610,4.224
27.620,4.420
27.630,4.452
27.640,4.281
27.650,4.341
27.660,4.453
27.670,4.858
27.680,4.200
27.690,4.479
27.700,4.998
27.710,4.227
27.720,4.200
27.730,4.509
27.740,4.227
27.750,4.470
27.760,4.213
27.770,4.822
27.780,4.517
27.790,4.563
27.800,4.825
27.810,4.345
27.820,4.212
27.830,4.881
27.840,4.207
27.850,3.841
27.860,3.843
27.870,4.447
27.880,4.261
27.890,4.298
27.900,4.916
27.910,4.695
27.920,4.715
27.930,4.507
27.940,4.580
27.950,4.690
27.960,4.396
27.970,4.384
27.980,3.997
27.990,5.083
28.000,4.750
28.010,4.135
28.020,4.115
28.030,4.543
28.040,4.809
28.050,4.191
28.060,4.108
28.070,4.595
28.080,4.681
28.090,4.285
28.100,4.349
28.110,4.537
28.120,3.962
28.130,4.400
28.140,5.123
28.150,4.582
28.160,4.862
28.170,4.909
28.180,4.846
28.190,4.985
28.200,4.791
28.210,4.976
28.220,4.663
28.230,4.550
28.240,4.478
28.250,4.797
28.260,4.540
28.270,4.493
28.280,4.713
28.290,4.754
28.300,4.853
28.310,4.542
28.320,4.601
28.330,4.439
28.340,4.575
28.350,4.390
28.360,4.794
28.370,4.970
28.380,4.505
28.390,5.270
28.400,4.806
28.410,4.874
28.420,4.868
28.430,5.128
28.440,5.081
28.450,4.796
28.460,4.902
28.470,4.884
28.480,4.437
28.490,4.509
28.500,5.090
28.510,4.712
28.520,5.197
28.530,4.281
28.540,4.849
28.550,4.861
28.560,4.652
28.570,5.019
28.580,4.354
28.590,5.059
28.600,4.222
28.610,4.418
28.620,4.329
28.630,3.556
28.640,4.999
28.650,4.964
28.660,4.543
28.670,4.029
28.680,4.584
28.690,4.461
28.700,4.692
28.710,4.001
28.720,4.356
28.730,4.727
28.740,4.496
28.750,5.124
28.760,4.672
28.770,4.713
28.780,4.441
28.790,4.454
28.800,4.334
28.810,4.540
28.820,4.305
28.830,5.233
28.840,4.430
28.850,5.140
28.860,4.872
28.870,4.644
28.880,4.624
28.890,4.703
28.900,4.602
28.910,4.458
28.920,5.001
28.930,4.897
28.940,4.007
28.950,4.573
28.960,4.378
28.970,4.886
28.980,4.202
28.990,4.152
29.000,4.509
29.010,4.709
29.020,4.752
29.030,4.467
29.040,4.501
29.050,4.054
29.060,4.178
29.070,4.532
29.080,4.856
29.090,4.685
29.100,5.090
29.110,4.897
29.120,4.603
29.130,4.571
29.140,4.631
29.150,4.862
29.160,4.799
29.170,4.905
29.180,4.280
29.190,4.858
29.200,4.255
29.210,4.415
29.220,4.407
29.230,4.689
29.240,4.397
29.250,4.390
29.260,3.895
29.270,4.511
29.280,4.791
29.290,4.467
29.300,4.128
29.310,4.502
29.320,4.561
29.330,4.240
29.340,4.627
29.350,4.839
29.360,4.700
29.370,4.587
29.380,4.315
29.390,4.157
29.400,4.700
29.410,4.832
29.420,4.801
29.430,4.756
29.440,4.574
29.450,4.848
29.460,4.334
29.470,4.242
29.480,4.731
29.490,4.254
29.500,4.560
29.510,4.679
29.520,4.665
29.530,4.191
29.540,4.488
29.550,4.708
29.560,4.656
29.570,4.405
29.580,4.781
29.590,4.762
29.600,5.026
29.610,4.638
29.620,4.557
29.630,4.090
29.640,4.966
29.650,3.939
29.660,4.719
29.670,4.431
29.680,4.266
29.690,4.311
29.700,4.780
29.710,4.813
29.720,4.580
29.730,4.717
29.740,4.691
29.750,4.368
29.760,4.672
29.770,4.865
29.780,4.308
29.790,4.848
29.800,4.700
29.810,4.480
29.820,4.792
29.830,4.999
29.840,4.799
29.850,4.600
29.860,4.651
29.870,4.446
29.880,4.330
29.890,5.109
29.900,4.241
29.910,4.574
29.920,3.978
29.930,4.788
29.940,4.283
29.950,4.713
29.960,4.628
29.970,4.563
29.980,3.961
29.990,4.426
30.000,3.938
30.010,4.385
30.020,4.495
30.030,4.719
30.040,4.645
30.050,4.213
30.060,4.504
30.070,3.800
30.080,4.662
30.090,4.128
30.100,4.332
30.110,4.036
30.120,4.470
30.130,4.520
30.140,4.634
30.150,4.727
30.160,4.504
30.170,4.516
30.180,4.356
30.190,4.531
30.200,4.367
30.210,5.052
30.220,4.532
30.230,4.654
30.240,4.428
30.250,4.624
30.260,5.178
30.270,4.974
30.280,4.554
30.290,5.106
30.300,4.857
30.310,4.382
30.320,4.881
30.330,4.301
30.340,4.944
30.350,3.976
30.360,4.592
30.370,4.537
30.380,4.452
30.390,5.192
30.400,4.849
30.410,4.697
30.420,4.728
30.430,4.661
30.440,4.486
30.450,4.686
30.460,4.632
30.470,4.321
30.480,4.796
30.490,4.617
30.500,4.631
30.510,4.831
30.520,4.908
30.530,4.471
30.540,4.639
30.550,4.907
30.560,4.635
30.570,4.662
30.580,4.524
30.590,4.522
30.600,4.444
30.610,4.632
30.620,4.671
30.630,4.355
30.640,4.875
30.650,4.902
30.660,4.827
30.670,4.516
30.680,4.641
30.690,4.474
30.700,4.599
30.710,4.614
30.720,4.395
30.730,4.570
30.740,5.012
30.750,4.659
30.760,4.537
30.770,5.180
30.780,4.882
30.790,4.791
30.800,4.487
30.810,4.544
30.820,4.524
30.830,4.908
30.840,5.245
30.850,4.754
30.860,4.505
30.870,4.330
30.880,4.824
30.890,4.846
30.900,4.881
30.910,5.175
30.920,5.105
30.930,4.837
30.940,4.659
30.950,4.564
30.960,4.724
30.970,4.494
30.980,4.584
30.990,4.723
31.000,4.766
31.010,4.815
31.020,4.693
31.030,4.252
31.040,4.445
31.050,5.157
31.060,4.265
31.070,4.570
31.080,4.830
31.090,4.338
31.100,4.496
31.110,4.315
31.120,4.706
31.130,4.862
31.140,4.577
31.150,4.484
31.160,4.472
31.170,4.731
31.180,4.599
31.190,4.618
31.200,4.238
31.210,4.947
31.220,5.239
31.230,4.913
31.240,4.760
31.250,4.429
31.260,4.850
31.270,4.973
31.280,5.068
31.290,4.278
31.300,5.252
31.310,5.119
31.320,4.427
31.330,4.632
31.340,5.017
31.350,4.815
31.360,4.993
31.370,4.659
31.380,4.595
31.390,4.613
31.400,4.468
31.410,4.795
31.420,4.366
31.430,4.753
31.440,4.620
31.450,4.950
31.460,4.993
31.470,4.587
31.480,4.814
31.490,5.054
31.500,4.770
31.510,4.308
31.520,4.521
31.530,4.729
31.540,4.598
31.550,4.983
31.560,4.606
31.570,4.806
31.580,4.868
31.590,4.963
31.600,4.999
31.610,5.059
31.620,5.262
31.630,4.755
31.640,5.386
31.650,4.746
31.660,5.423
31.670,5.052
31.680,4.932
31.690,4.636
31.700,5.097
31.710,4.865
31.720,4.850
31.730,5.223
31.740,4.633
31.750,4.484
31.760,4.569
31.770,4.775
31.780,5.300
31.790,5.251
31.800,4.836
31.810,5.077
31.820,4.875
31.830,5.145
31.840,4.824
31.850,5.464
31.860,4.728
31.870,5.036
31.880,5.147
31.890,5.048
31.900,5.050
31.910,4.779
31.920,4.516
31.930,4.928
31.940,4.921
31.950,4.771
31.960,4.840
31.970,4.732
31.980,4.969
31.990,4.556
32.000,4.802
32.010,4.919
32.020,5.053
32.030,5.011
32.040,4.900
32.050,4.825
32.060,5.071
32.070,4.983
32.080,5.135
32.090,5.338
32.100,4.913
32.110,4.792
32.120,4.782
32.130,4.783
32.140,4.519
32.150,5.086
32.160,4.735
32.170,4.851
32.180,4.903
32.190,4.318
32.200,4.489
32.210,4.772
32.220,4.938
32.230,4.566
32.240,4.591
32.250,4.422
32.260,4.708
32.270,5.005
32.280,5.069
32.290,4.963
32.300,5.253
32.310,4.808
32.320,5.015
32.330,4.792
32.340,4.904
32.350,5.016
32.360,4.410
32.370,4.720
32.380,5.116
32.390,5.146
32.400,5.197
32.410,4.578
32.420,4.833
32.430,4.589
32.440,4.496
32.450,4.503
32.460,4.569
32.470,4.553
32.480,4.453
32.490,3.989
32.500,4.529
32.510,4.239
32.520,4.270
32.530,4.677
32.540,4.197
32.550,5.146
32.560,4.619
32.570,4.476
32.580,4.332
32.590,4.764
32.600,4.484
32.610,4.465
32.620,4.705
32.630,4.609
32.640,4.789
32.650,4.244
32.660,4.601
32.670,4.839
32.680,4.221
32.690,4.665
32.700,4.916
32.710,4.531
32.720,4.624
32.730,4.827
32.740,4.584
32.750,4.708
32.760,4.656
32.770,4.295
32.780,4.283
32.790,3.854
32.800,3.984
32.810,4.140
32.820,4.618
32.830,4.621
32.840,4.334
32.850,4.768
32.860,4.617
32.870,4.953
32.880,5.138
32.890,4.525
32.900,4.495
32.910,4.103
32.920,4.038
32.930,4.299
32.940,4.368
32.950,4.193
32.960,4.435
32.970,4.668
32.980,4.277
32.990,4.065
33.000,4.389
33.010,5.003
33.020,4.807
33.030,4.361
33.040,4.363
33.050,4.494
33.060,4.259
33.070,3.945
33.080,4.443
33.090,4.153
33.100,4.655
33.110,3.970
33.120,4.529
33.130,4.110
33.140,4.133
33.150,3.882
33.160,4.297
33.170,4.045
33.180,3.959
33.190,4.176
33.200,3.940
33.210,4.218
33.220,4.371
33.230,4.389
33.240,4.292
33.250,4.934
33.260,4.650
33.270,3.975
33.280,4.063
33.290,4.209
33.300,4.243
33.310,4.561
33.320,4.155
33.330,4.167
33.340,4.719
33.350,4.562
33.360,4.012
33.370,3.922
33.380,3.999
33.390,4.427
33.400,4.279
33.410,3.906
33.420,4.313
33.430,4.048
33.440,4.412
33.450,3.911
33.460,4.260
33.470,4.145
33.480,4.366
33.490,4.510
33.500,4.719
33.510,4.480
33.520,5.185
33.530,4.394
33.540,4.288
33.550,4.609
33.560,4.489
33.570,4.527
33.580,4.288
33.590,4.125
33.600,4.190
33.610,3.654
33.620,4.150
33.630,3.721
33.640,3.430
33.650,4.225
33.660,4.360
33.670,4.145
33.680,4.287
33.690,3.983
33.700,4.059
33.710,4.332
33.720,4.749
33.730,4.614
33.740,3.893
33.750,4.053
33.760,3.998
33.770,4.562
33.780,5.016
33.790,4.390
33.800,4.332
33.810,4.010
33.820,5.019
33.830,4.311
33.840,4.066
33.850,4.654
33.860,4.891
33.870,4.527
33.880,4.405
33.890,4.614
33.900,4.820
33.910,4.286
33.920,4.205
33.930,4.245
33.940,3.991
33.950,4.134
33.960,5.064
33.970,4.050
33.980,4.721
33.990,4.657
34.000,4.453
34.010,4.435
34.020,4.393
34.030,4.312
34.040,4.413
34.050,4.576
34.060,4.197
34.070,4.210
34.080,4.523
34.090,4.277
34.100,4.404
34.110,4.412
34.120,4.490
34.130,4.540
34.140,4.949
34.150,4.744
34.160,4.232
34.170,4.560
34.180,4.515
34.190,4.637
34.200,4.081
34.210,4.889
34.220,4.787
34.230,4.805
34.240,4.744
34.250,4.799
34.260,4.882
34.270,4.941
34.280,5.082
34.290,4.439
34.300,4.256
34.310,4.264
34.320,4.461
34.330,4.760
34.340,4.539
34.350,4.927
34.360,4.911
34.370,4.741
34.380,4.732
34.390,5.031
34.400,4.775
34.410,4.281
34.420,4.551
34.430,4.743
34.440,4.763
34.450,4.712
34.460,4.629
34.470,4.655
34.480,4.686
34.490,4.462
34.500,4.832
34.510,4.576
34.520,4.496
34.530,4.448
34.540,4.674
34.550,4.608
34.560,4.599
34.570,5.181
34.580,4.688
34.590,4.929
34.600,4.883
34.610,4.710
34.620,4.738
34.630,5.205
34.640,5.130
34.650,4.901
34.660,4.939
34.670,5.334
34.680,5.107
34.690,4.553
34.700,5.002
34.710,4.989
34.720,4.664
34.730,4.872
34.740,4.660
34.750,4.879
34.760,4.855
34.770,4.699
34.780,4.548
34.790,4.663
34.800,4.562
34.810,4.522
34.820,5.100
34.830,4.711
34.840,5.055
34.850,4.794
34.860,4.813
34.870,4.634
34.880,4.615
34.890,4.840
34.900,5.230
34.910,4.754
34.920,4.956
34.930,5.100
34.940,4.788
34.950,4.762
34.960,4.704
34.970,4.952
34.980,4.800
34.990,5.255
35.000,5.195
35.010,4.697
35.020,4.668
35.030,4.549
35.040,5.055
35.050,4.598
35.060,4.692
35.070,4.921
35.080,5.232
35.090,5.003
35.100,4.967
35.110,4.650
35.120,4.540
35.130,4.829
35.140,4.621
35.150,4.798
35.160,5.278
35.170,4.458
35.180,4.743
35.190,4.742
35.200,4.520
35.210,4.391
35.220,4.983
35.230,4.666
35.240,4.920
35.250,5.163
35.260,4.600
35.270,4.840
35.280,4.484
35.290,4.704
35.300,4.637
35.310,4.872
35.320,4.551
35.330,4.987
35.340,4.975
35.350,5.117
35.360,4.955
35.370,4.725
35.380,4.665
35.390,4.558
35.400,4.895
35.410,5.051
35.420,4.770
35.430,4.942
35.440,4.878
35.450,4.717
35.460,4.802
35.470,4.481
35.480,4.461
35.490,4.755
35.500,5.032
35.510,4.599
35.520,4.416
35.530,4.607
35.540,3.971
35.550,4.443
35.560,4.490
35.570,5.067
35.580,4.539
35.590,5.095
35.600,4.976
35.610,4.356
35.620,4.602
35.630,4.737
35.640,4.545
35.650,4.840
35.660,4.701
35.670,4.068
35.680,4.774
35.690,4.209
35.700,5.219
35.710,4.019
35.720,4.435
35.730,4.766
35.740,4.746
35.750,4.729
35.760,4.178
35.770,4.831
35.780,4.627
35.790,4.960
35.800,4.460
35.810,4.984
35.820,5.238
35.830,4.670
35.840,4.698
35.850,4.895
35.860,4.548
35.870,4.273
35.880,4.761
35.890,4.453
35.900,4.744
35.910,5.023
35.920,4.929
35.930,4.294
35.940,4.797
35.950,4.818
35.960,4.075
35.970,4.909
35.980,4.657
35.990,4.556
36.000,4.605
36.010,4.386
36.020,5.014
36.030,5.099
36.040,4.556
36.050,4.523
36.060,5.015
36.070,4.978
36.080,3.982
36.090,4.169
36.100,4.415
36.110,4.554
36.120,4.546
36.130,4.268
36.140,5.035
36.150,4.516
36.160,4.607
36.170,4.732
36.180,4.741
36.190,4.567
36.200,4.369
36.210,4.708
36.220,4.223
36.230,4.455
36.240,4.267
36.250,4.320
36.260,4.244
36.270,4.006
36.280,4.224
36.290,4.838
36.300,4.768
36.310,4.620
36.320,5.065
36.330,4.984
36.340,4.274
36.350,4.641
36.360,4.467
36.370,4.441
36.380,4.673
36.390,4.340
36.400,5.230
36.410,4.610
36.420,4.149
36.430,4.443
36.440,4.072
36.450,4.349
36.460,4.404
36.470,4.541
36.480,4.370
36.490,4.926
36.500,4.094
36.510,4.164
36.520,3.888
36.530,4.289
36.540,3.913
36.550,4.301
36.560,4.650
36.570,4.332
36.580,4.209
36.590,4.061
36.600,4.676
36.610,4.086
36.620,4.158
36.630,4.188
36.640,4.572
36.650,5.058
36.660,4.667
36.670,3.890
36.680,3.954
36.690,4.374
36.700,4.424
36.710,4.153
36.720,4.643
36.730,4.663
36.740,4.624
36.750,4.942
36.760,4.731
36.770,4.216
36.780,4.722
36.790,4.473
36.800,4.694
36.810,4.995
36.820,4.846
36.830,4.352
36.840,4.488
36.850,4.229
36.860,4.561
36.870,4.650
36.880,4.469
36.890,4.314
36.900,3.867
36.910,4.289
36.920,4.001
36.930,4.099
36.940,4.556
36.950,4.442
36.960,4.145
36.970,4.439
36.980,4.699
36.990,4.458
37.000,4.386
37.010,4.315
37.020,4.966
37.030,4.740
37.040,4.396
37.050,4.506
37.060,4.538
37.070,4.175
37.080,4.712
37.090,4.468
37.100,4.814
37.110,4.565
37.120,4.642
37.130,4.322
37.140,4.430
37.150,4.349
37.160,4.315
37.170,4.478
37.180,4.336
37.190,4.412
37.200,4.659
37.210,4.936
37.220,3.856
37.230,4.461
37.240,4.037
37.250,4.802
37.260,4.467
37.270,4.287
37.280,4.622
37.290,4.463
37.300,4.188
37.310,4.631
37.320,4.152
37.330,4.071
37.340,4.472
37.350,4.273
37.360,4.167
37.370,4.064
37.380,4.221
37.390,4.279
37.400,4.210
37.410,3.978
37.420,4.117
37.430,4.751
37.440,4.250
37.450,4.287
37.460,4.431
37.470,4.444
37.480,4.581
37.490,4.077
37.500,4.471
37.510,4.637
37.520,4.679
37.530,4.659
37.540,4.052
37.550,3.791
37.560,4.654
37.570,4.474
37.580,3.940
37.590,4.598
37.600,4.233
37.610,3.787
37.620,4.522
37.630,4.794
37.640,4.827
37.650,4.458
37.660,4.913
37.670,4.807
37.680,4.457
37.690,4.452
37.700,4.457
37.710,4.954
37.720,4.896
37.730,4.354
37.740,4.817
37.750,4.398
37.760,4.532
37.770,4.333
37.780,4.458
37.790,4.437
37.800,4.664
37.810,4.294
37.820,4.684
37.830,4.587
37.840,4.117
37.850,4.271
37.860,3.798
37.870,4.369
37.880,4.186
37.890,3.951
37.900,4.200
37.910,3.932
37.920,4.201
37.930,4.300
37.940,4.547
37.950,3.897
37.960,4.120
37.970,4.163
37.980,4.473
37.990,4.473
38.000,4.062
38.010,4.483
38.020,4.245
38.030,4.293
38.040,3.792
38.050,4.112
38.060,4.404
38.070,4.560
38.080,3.878
38.090,4.321
38.100,4.063
38.110,4.133
38.120,4.323
38.130,4.136
38.140,3.877
38.150,4.547
38.160,4.581
38.170,4.552
38.180,4.173
38.190,4.247
38.200,4.231
38.210,5.092
38.220,3.880
38.230,4.747
38.240,4.682
38.250,4.191
38.260,4.499
38.270,4.620
38.280,4.897
38.290,4.533
38.300,4.903
38.310,4.705
38.320,5.135
38.330,5.062
38.340,4.562
38.350,4.799
38.360,4.886
38.370,5.084
38.380,5.007
38.390,4.752
38.400,5.153
38.410,4.928
38.420,4.303
38.430,4.483
38.440,4.231
38.450,4.898
38.460,4.680
38.470,4.490
38.480,4.696
38.490,5.062
38.500,4.085
38.510,3.841
38.520,4.469
38.530,4.383
38.540,5.273
38.550,4.387
38.560,4.820
38.570,4.277
38.580,4.852
38.590,5.027
38.600,4.730
38.610,4.770
38.620,4.419
38.630,4.220
38.640,4.029
38.650,4.344
38.660,5.123
38.670,4.380
38.680,4.462
38.690,4.091
38.700,4.223
38.710,4.608
38.720,4.491
38.730,4.599
38.740,4.585
38.750,4.871
38.760,4.736
38.770,4.587
38.780,4.516
38.790,4.039
38.800,4.238
38.810,4.367
38.820,4.790
38.830,4.418
38.840,4.434
38.850,4.234
38.860,4.504
38.870,4.962
38.880,4.702
38.890,4.699
38.900,4.768
38.910,4.673
38.920,4.778
38.930,4.988
38.940,4.704
38.950,4.902
38.960,4.605
38.970,4.836
38.980,4.462
38.990,4.772
39.000,4.788
39.010,4.701
39.020,4.945
39.030,4.415
39.040,5.122
39.050,4.586
39.060,5.267
39.070,4.722
39.080,4.860
39.090,4.613
39.100,4.409
39.110,4.348
39.120,4.310
39.130,4.153
39.140,4.891
39.150,4.711
39.160,4.401
39.170,4.803
39.180,4.491
39.190,4.799
39.200,4.217
39.210,4.338
39.220,4.512
39.230,4.662
39.240,4.227
39.250,4.812
39.260,4.675
39.270,4.653
39.280,4.479
39.290,4.893
39.300,4.775
39.310,4.745
39.320,4.704
39.330,4.531
39.340,4.628
39.350,4.605
39.360,4.840
39.370,4.689
39.380,4.821
39.390,4.697
39.400,4.435
39.410,4.249
39.420,4.822
39.430,4.348
39.440,4.526
39.450,4.130
39.460,4.466
39.470,4.442
39.480,4.711
39.490,4.384
39.500,4.709
39.510,4.409
39.520,4.588
39.530,4.475
39.540,4.852
39.550,4.443
39.560,4.474
39.570,4.742
39.580,4.582
39.590,4.173
39.600,4.685
39.610,4.094
39.620,4.419
39.630,5.067
39.640,4.198
39.650,4.248
39.660,4.649
39.670,4.754
39.680,4.636
39.690,4.721
39.700,4.390
39.710,4.685
39.720,4.717
39.730,4.578
39.740,4.602
39.750,4.458
39.760,4.922
39.770,4.401
39.780,4.597
39.790,4.929
39.800,4.407
39.810,4.264
39.820,4.553
39.830,4.298
39.840,4.629
39.850,4.654
39.860,4.825
39.870,4.216
39.880,4.661
39.890,4.413
39.900,4.652
39.910,4.701
39.920,4.335
39.930,4.666
39.940,4.558
39.950,5.027
39.960,4.565
39.970,5.108
39.980,4.969
39.990,4.478
40.000,4.482
40.010,4.412
40.020,4.420
40.030,4.728
40.040,4.544
40.050,4.651
40.060,4.647
40.070,4.647
40.080,4.837
40.090,4.575
40.100,4.557
40.110,4.580
40.120,4.509
40.130,4.819
40.140,4.707
40.150,4.538
40.160,4.285
40.170,4.411
40.180,4.519
40.190,4.606
40.200,4.370
40.210,4.903
40.220,4.369
40.230,4.807
40.240,4.771
40.250,4.554
40.260,4.464
40.270,4.638
40.280,5.095
40.290,4.840
40.300,4.854
40.310,4.598
40.320,4.843
40.330,4.161
40.340,4.630
40.350,4.256
40.360,3.968
40.370,4.942
40.380,4.607
40.390,4.260
40.400,4.407
40.410,4.440
40.420,4.526
40.430,4.750
40.440,4.809
40.450,4.435
40.460,4.578
40.470,4.440
40.480,4.318
40.490,3.969
40.500,4.340
40.510,4.404
40.520,4.611
40.530,4.698
40.540,4.547
40.550,4.435
40.560,4.733
40.570,4.025
40.580,4.405
40.590,4.868
40.600,4.334
40.610,4.270
40.620,4.918
40.630,4.965
40.640,4.350
40.650,4.773
40.660,4.971
40.670,4.676
40.680,4.529
40.690,4.561
40.700,4.169
40.710,4.835
40.720,4.204
40.730,4.508
40.740,4.644
40.750,4.139
40.760,4.808
40.770,4.934
40.780,4.404
40.790,4.337
40.800,4.652
40.810,4.702
40.820,4.522
40.830,4.526
40.840,4.292
40.850,4.325
40.860,3.933
40.870,4.181
40.880,4.028
40.890,3.577
40.900,4.354
40.910,4.499
40.920,4.243
40.930,4.586
40.940,4.421
40.950,3.891
40.960,4.427
40.970,4.343
40.980,3.779
40.990,4.431
41.000,3.941
41.010,4.402
41.020,4.893
41.030,4.119
41.040,4.023
41.050,4.372
41.060,4.633
41.070,4.332
41.080,4.141
41.090,4.355
41.100,4.120
41.110,4.172
41.120,4.444
41.130,4.156
41.140,4.567
41.150,4.327
41.160,4.507
41.170,4.631
41.180,4.441
41.190,4.105
41.200,3.620
41.210,4.122
41.220,3.938
41.230,4.288
41.240,4.641
41.250,4.326
41.260,4.023
41.270,3.661
41.280,3.960
41.290,4.061
41.300,3.934
41.310,3.698
41.320,4.484
41.330,3.821
41.340,4.161
41.350,4.413
41.360,4.653
41.370,4.069
41.380,3.828
41.390,4.386
41.400,3.965
41.410,4.073
41.420,4.252
41.430,3.932
41.440,3.441
41.450,4.127
41.460,4.172
41.470,4.588
41.480,4.122
41.490,4.417
41.500,4.194
41.510,3.956
41.520,4.388
41.530,3.939
41.540,4.236
41.550,4.615
41.560,3.849
41.570,4.422
41.580,4.375
41.590,4.148
41.600,4.138
41.610,4.213
41.620,4.417
41.630,4.029
41.640,4.112
41.650,4.354
41.660,4.686
41.670,5.016
41.680,4.482
41.690,3.926
41.700,4.499
41.710,4.618
41.720,4.584
41.730,4.088
41.740,4.938
41.750,4.643
41.760,4.569
41.770,4.292
41.780,4.618
41.790,4.422
41.800,4.795
41.810,4.778
41.820,5.012
41.830,4.498
41.840,4.775
41.850,4.030
41.860,4.399
41.870,3.864
41.880,4.443
41.890,4.652
41.900,4.208
41.910,4.298
41.920,3.869
41.930,4.105
41.940,4.298
41.950,4.652
41.960,4.223
41.970,4.337
41.980,4.229
41.990,4.129
42.000,4.551
42.010,4.481
42.020,4.062
42.030,4.241
42.040,3.654
42.050,4.179
42.060,4.497
42.070,4.085
42.080,4.029
42.090,3.835
42.100,4.317
42.110,4.821
42.120,3.967
42.130,4.387
42.140,4.679
42.150,4.442
42.160,4.449
42.170,4.414
42.180,4.250
42.190,4.545
42.200,4.609
42.210,4.234
42.220,4.613
42.230,4.091
42.240,4.613
42.250,4.827
42.260,4.152
42.270,3.651
42.280,4.394
42.290,4.393
42.300,4.116
42.310,4.152
42.320,4.931
42.330,4.124
42.340,4.099
42.350,4.754
42.360,3.937
42.370,4.563
42.380,4.600
42.390,4.604
42.400,4.398
42.410,4.535
42.420,4.569
42.430,4.539
42.440,4.717
42.450,4.425
42.460,4.083
42.470,4.151
42.480,4.441
42.490,4.497
42.500,4.195
42.510,4.412
42.520,4.557
42.530,4.437
42.540,4.370
42.550,4.412
42.560,4.282
42.570,4.202
42.580,4.696
42.590,4.168
42.600,4.338
42.610,4.675
42.620,4.055
42.630,4.388
42.640,4.737
42.650,4.435
42.660,4.718
42.670,4.709
42.680,4.270
42.690,4.468
42.700,4.288
42.710,4.488
42.720,4.630
42.730,4.524
42.740,4.210
42.750,4.358
42.760,4.135
42.770,4.527
42.780,4.235
42.790,4.454
42.800,4.139
42.810,4.495
42.820,4.501
42.830,4.922
42.840,4.231
42.850,4.590
42.860,4.266
42.870,4.133
42.880,4.758
42.890,4.459
42.900,4.280
42.910,4.488
42.920,4.357
42.930,4.830
42.940,4.660
42.950,4.369
42.960,4.107
42.970,4.193
42.980,4.256
42.990,3.877
43.000,3.927
43.010,4.148
43.020,4.296
43.030,3.852
43.040,4.070
43.050,4.217
43.060,4.488
43.070,4.177
43.080,4.328
43.090,4.583
43.100,4.670
43.110,4.167
43.120,4.042
43.130,4.396
43.140,4.685
43.150,4.793
43.160,4.469
43.170,4.908
43.180,4.910
43.190,4.679
43.200,4.217
43.210,4.114
43.220,4.553
43.230,3.780
43.240,4.019
43.250,4.688
43.260,4.094
43.270,4.573
43.280,3.835
43.290,3.910
43.300,4.659
43.310,4.400
43.320,4.267
43.330,4.286
43.340,4.676
43.350,4.154
43.360,4.114
43.370,4.599
43.380,4.521
43.390,4.166
43.400,4.024
43.410,4.155
43.420,4.475
43.430,4.083
43.440,4.181
43.450,4.319
43.460,4.707
43.470,4.228
43.480,4.061
43.490,4.050
43.500,4.185
43.510,4.247
43.520,4.367
43.530,4.802
43.540,4.409
43.550,4.361
43.560,4.212
43.570,4.491
43.580,4.275
43.590,4.006
43.600,4.360
43.610,4.160
43.620,4.291
43.630,4.259
43.640,4.271
43.650,3.988
43.660,4.512
43.670,4.342
43.680,4.645
43.690,4.203
43.700,4.278
43.710,4.732
43.720,4.613
43.730,4.278
43.740,4.391
43.750,3.956
43.760,3.827
43.770,4.119
43.780,4.039
43.790,3.690
43.800,4.306
43.810,4.208
43.820,3.864
43.830,4.611
43.840,4.563
43.850,3.861
43.860,3.822
43.870,4.139
43.880,4.317
43.890,4.369
43.900,4.259
43.910,4.419
43.920,3.780
43.930,4.164
43.940,3.783
43.950,4.442
43.960,4.407
43.970,4.120
43.980,4.362
43.990,4.004
44.000,4.035
44.010,4.520
44.020,4.615
44.030,3.788
44.040,4.728
44.050,4.366
44.060,4.478
44.070,4.750
44.080,4.553
44.090,4.114
44.100,4.573
44.110,4.028
44.120,4.737
44.130,4.625
44.140,4.641
44.150,3.747
44.160,4.680
44.170,4.029
44.180,4.527
44.190,4.864
44.200,4.340
44.210,4.519
44.220,4.564
44.230,4.548
44.240,3.926
44.250,4.313
44.260,4.243
44.270,4.917
44.280,4.211
44.290,4.282
44.300,4.632
44.310,4.736
44.320,4.102
44.330,4.713
44.340,3.947
44.350,4.738
44.360,4.471
44.370,4.387
44.380,4.281
44.390,4.345
44.400,4.525
44.410,4.359
44.420,3.963
44.430,4.248
44.440,4.508
44.450,4.355
44.460,4.449
44.470,4.499
44.480,4.290
44.490,4.278
44.500,4.115
44.510,3.431
44.520,4.116
44.530,4.210
44.540,4.566
44.550,4.535
44.560,4.270
44.570,4.467
44.580,4.543
44.590,4.009
44.600,4.644
44.610,3.781
44.620,3.642
44.630,4.016
44.640,4.060
44.650,3.704
44.660,4.453
44.670,4.193
44.680,4.099
44.690,3.986
44.700,4.046
44.710,4.277
44.720,4.429
44.730,4.371
44.740,3.571
44.750,3.979
44.760,4.124
44.770,4.689
44.780,4.108
44.790,3.831
44.800,4.235
44.810,4.007
44.820,3.921
44.830,3.946
44.840,4.146
44.850,4.017
44.860,3.814
44.870,3.785
44.880,4.093
44.890,4.403
44.900,4.514
44.910,4.497
44.920,4.538
44.930,4.409
44.940,4.386
44.950,4.634
44.960,4.406
44.970,3.538
44.980,4.035
44.990,4.086
45.000,4.087
45.010,3.483
45.020,4.077
45.030,4.247
45.040,4.297
45.050,3.589
45.060,3.777
45.070,3.521
45.080,4.164
45.090,3.966
45.100,4.094
45.110,4.412
45.120,4.291
45.130,4.417
45.140,3.974
45.150,4.314
45.160,4.125
45.170,4.050
45.180,4.099
45.190,3.824
45.200,3.936
45.210,4.522
45.220,4.630
45.230,4.236
45.240,4.051
45.250,4.380
45.260,4.893
45.270,4.422
45.280,4.357
45.290,4.220
45.300,4.660
45.310,4.257
45.320,4.748
45.330,3.870
45.340,4.732
45.350,4.799
45.360,4.070
45.370,5.061
45.380,4.554
45.390,4.312
45.400,4.566
45.410,4.634
45.420,4.303
45.430,4.857
45.440,4.527
45.450,4.406
45.460,4.464
45.470,3.962
45.480,4.584
45.490,4.327
45.500,4.635
45.510,4.461
45.520,4.303
45.530,3.901
45.540,4.200
45.550,4.304
45.560,4.407
45.570,4.066
45.580,4.587
45.590,5.045
45.600,4.645
45.610,4.273
45.620,4.615
45.630,4.599
45.640,4.346
45.650,4.986
45.660,4.394
45.670,4.429
45.680,4.823
45.690,4.188
45.700,4.226
45.710,4.316
45.720,4.317
45.730,4.285
45.740,4.883
45.750,4.593
45.760,4.578
45.770,4.277
45.780,4.496
45.790,4.564
45.800,4.660
45.810,4.551
45.820,4.360
45.830,4.186
45.840,4.180
45.850,4.360
45.860,4.010
45.870,4.527
45.880,4.407
45.890,4.103
45.900,4.431
45.910,4.340
45.920,3.904
45.930,4.039
45.940,3.787
45.950,4.391
45.960,4.007
45.970,4.254
45.980,4.120
45.990,3.848
46.000,4.248
46.010,4.174
46.020,4.354
46.030,4.290
46.040,4.408
46.050,4.306
46.060,4.197
46.070,4.307
46.080,4.643
46.090,4.001
46.100,3.959
46.110,4.222
46.120,3.788
46.130,4.384
46.140,4.477
46.150,4.660
46.160,4.013
46.170,4.563
46.180,4.276
46.190,4.871
46.200,4.580
46.210,4.249
46.220,4.317
46.230,4.398
46.240,4.277
46.250,4.293
46.260,4.355
46.270,4.102
46.280,4.136
46.290,4.423
46.300,4.716
46.310,3.974
46.320,4.580
46.330,4.820
46.340,4.021
46.350,4.051
46.360,4.404
46.370,3.931
46.380,4.208
46.390,4.137
46.400,4.374
46.410,4.282
46.420,4.176
46.430,4.263
46.440,4.438
46.450,3.721
46.460,4.332
46.470,3.917
46.480,4.156
46.490,4.157
46.500,4.089
46.510,4.828
46.520,4.539
46.530,4.092
46.540,4.191
46.550,4.169
46.560,3.770
46.570,4.465
46.580,4.411
46.590,4.106
46.600,4.563
46.610,4.179
46.620,4.336
46.630,4.412
46.640,4.689
46.650,4.431
46.660,4.260
46.670,4.172
46.680,3.962
46.690,4.445
46.700,4.275
46.710,4.117
46.720,4.190
46.730,4.759
46.740,4.303
46.750,4.407
46.760,4.409
46.770,4.096
46.780,4.144
46.790,4.178
46.800,4.054
46.810,4.277
46.820,4.313
46.830,3.829
46.840,4.162
46.850,4.070
46.860,4.271
46.870,4.172
46.880,4.343
46.890,3.966
46.900,4.288
46.910,3.853
46.920,4.465
46.930,4.630
46.940,4.378
46.950,4.114
46.960,4.303
46.970,4.120
46.980,4.318
46.990,4.060
47.000,4.360
47.010,4.299
47.020,3.824
47.030,4.124
47.040,4.130
47.050,4.413
47.060,4.115
47.070,4.667
47.080,4.014
47.090,3.992
47.100,4.036
47.110,4.074
47.120,4.235
47.130,4.577
47.140,4.617
47.150,4.544
47.160,4.096
47.170,4.397
47.180,4.337
47.190,4.533
47.200,4.218
47.210,4.936
47.220,4.377
47.230,4.148
47.240,3.750
47.250,4.317
47.260,4.431
47.270,4.201
47.280,4.341
47.290,4.659
47.300,4.653
47.310,4.567
47.320,4.330
47.330,4.542
47.340,4.388
47.350,4.388
47.360,4.439
47.370,3.882
47.380,4.309
47.390,4.836
47.400,4.527
47.410,4.167
47.420,4.028
47.430,3.884
47.440,4.375
47.450,3.764
47.460,4.020
47.470,4.031
47.480,4.398
47.490,4.426
47.500,4.444
47.510,4.356
47.520,4.554
47.530,4.136
47.540,4.364
47.550,4.404
47.560,4.255
47.570,4.500
47.580,4.275
47.590,4.377
47.600,4.558
47.610,4.679
47.620,4.496
47.630,4.436
47.640,4.458
47.650,4.322
47.660,4.067
47.670,4.272
47.680,4.574
47.690,3.973
47.700,4.213
47.710,4.285
47.720,4.837
47.730,3.698
47.740,4.232
47.750,4.453
47.760,4.809
47.770,4.301
47.780,4.245
47.790,4.072
47.800,3.994
47.810,4.307
47.820,4.148
47.830,4.101
47.840,4.773
47.850,4.152
47.860,4.463
47.870,4.740
47.880,4.326
47.890,4.329
47.900,4.701
47.910,4.043
47.920,4.250
47.930,4.543
47.940,4.305
47.950,4.253
47.960,4.077
47.970,4.320
47.980,4.390
47.990,3.985
48.000,4.377
48.010,4.329
48.020,4.061
48.030,4.129
48.040,3.589
48.050,4.089
48.060,3.974
48.070,3.830
48.080,4.221
48.090,3.973
48.100,4.094
48.110,4.096
48.120,4.128
48.130,4.099
48.140,4.666
48.150,4.196
48.160,4.243
48.170,4.003
48.180,4.310
48.190,4.063
48.200,4.471
48.210,4.212
48.220,4.238
48.230,4.007
48.240,4.826
48.250,4.404
48.260,4.206
48.270,4.354
48.280,4.321
48.290,4.468
48.300,4.184
48.310,4.741
48.320,4.452
48.330,4.108
48.340,4.481
48.350,4.187
48.360,4.053
48.370,4.228
48.380,4.446
48.390,4.805
48.400,3.855
48.410,4.247
48.420,4.423
48.430,4.660
48.440,4.753
48.450,4.180
48.460,4.514
48.470,4.232
48.480,4.443
48.490,4.206
48.500,4.311
48.510,4.051
48.520,4.292
48.530,4.279
48.540,4.602
48.550,4.503
48.560,4.546
48.570,4.141
48.580,4.115
48.590,4.053
48.600,4.237
48.610,4.214
48.620,4.067
48.630,4.148
48.640,3.946
48.650,4.535
48.660,4.253
48.670,4.150
48.680,4.345
48.690,4.450
48.700,4.407
48.710,3.783
48.720,4.199
48.730,4.482
48.740,4.346
48.750,4.155
48.760,4.104
48.770,3.635
48.780,4.246
48.790,4.446
48.800,3.993
48.810,4.315
48.820,4.302
48.830,4.244
48.840,3.949
48.850,4.404
48.860,3.813
48.870,4.248
48.880,4.510
48.890,4.357
48.900,4.296
48.910,4.477
48.920,4.415
48.930,4.713
48.940,4.443
48.950,4.557
48.960,4.024
48.970,3.686
48.980,4.328
48.990,4.467
49.000,4.580
49.010,4.736
49.020,3.888
49.030,3.860
49.040,3.892
49.050,3.761
49.060,4.248
49.070,4.427
49.080,4.206
49.090,4.507
49.100,4.315
49.110,4.343
49.120,4.090
49.130,4.082
49.140,4.213
49.150,4.108
49.160,3.716
49.170,3.727
49.180,4.399
49.190,4.150
49.200,4.820
49.210,4.293
49.220,4.089
49.230,4.406
49.240,4.389
49.250,4.427
49.260,4.266
49.270,4.033
49.280,4.571
49.290,4.673
49.300,3.814
49.310,4.234
49.320,4.693
49.330,4.689
49.340,4.710
49.350,4.512
49.360,4.183
49.370,4.380
49.380,4.246
49.390,4.403
49.400,4.437
49.410,4.352
49.420,4.323
49.430,4.049
49.440,4.268
49.450,4.288
49.460,4.098
49.470,4.697
49.480,4.195
49.490,4.515
49.500,4.177
49.510,4.103
49.520,4.169
49.530,4.396
49.540,4.526
49.550,4.467
49.560,4.375
49.570,4.546
49.580,4.600
49.590,4.580
49.600,3.826
49.610,4.776
49.620,4.197
49.630,4.566
49.640,4.437
49.650,3.551
49.660,3.742
49.670,3.894
49.680,4.618
49.690,4.024
49.700,4.155
49.710,4.477
49.720,4.350
49.730,4.174
49.740,4.446
49.750,3.943
49.760,4.589
49.770,4.573
49.780,4.052
49.790,3.988
49.800,4.273
49.810,4.070
49.820,4.104
49.830,4.746
49.840,4.358
49.850,4.356
49.860,4.339
49.870,4.400
49.880,4.329
49.890,4.441
49.900,4.149
49.910,4.193
49.920,4.408
49.930,3.935
49.940,3.857
49.950,4.311
49.960,3.771
49.970,4.063
49.980,4.184
49.990,4.079
50.000,4.302
50.010,4.370
50.020,4.340
50.030,4.373
50.040,3.917
50.050,4.244
50.060,4.089
50.070,4.032
50.080,4.500
50.090,4.228
50.100,3.980
50.110,4.657
50.120,4.035
50.130,4.264
50.140,3.800
50.150,4.181
50.160,4.122
50.170,4.626
50.180,4.200
50.190,4.258
50.200,4.111
50.210,4.167
50.220,4.083
50.230,4.187
50.240,4.855
50.250,4.490
50.260,4.504
50.270,4.205
50.280,3.993
50.290,3.672
50.300,4.032
50.310,4.378
50.320,3.992
50.330,5.063
50.340,4.317
50.350,4.767
50.360,4.649
50.370,4.316
50.380,4.431
50.390,4.252
50.400,4.020
50.410,3.980
50.420,4.737
50.430,4.408
50.440,4.440
50.450,4.417
50.460,4.520
50.470,4.509
50.480,4.566
50.490,4.289
50.500,3.951
50.510,3.822
50.520,4.137
50.530,5.039
50.540,4.488
50.550,4.078
50.560,4.345
50.570,4.818
50.580,4.391
50.590,4.131
50.600,4.624
50.610,4.095
50.620,4.438
50.630,4.179
50.640,4.692
50.650,4.370
50.660,4.329
50.670,4.312
50.680,4.663
50.690,4.580
50.700,3.988
50.710,4.234
50.720,4.477
50.730,4.275
50.740,4.536
50.750,3.735
50.760,4.444
50.770,4.464
50.780,4.631
50.790,4.485
50.800,4.115
50.810,4.566
50.820,4.278
50.830,4.096
50.840,3.888
50.850,4.429
50.860,4.294
50.870,4.363
50.880,3.961
50.890,4.035
50.900,4.478
50.910,4.076
50.920,4.171
50.930,4.217
50.940,3.959
50.950,3.906
50.960,4.480
50.970,4.524
50.980,3.940
50.990,4.579
51.000,4.386
51.010,4.547
51.020,3.810
51.030,4.492
51.040,4.516
51.050,4.460
51.060,3.663
51.070,4.234
51.080,3.886
51.090,4.414
51.100,3.875
51.110,4.126
51.120,4.365
51.130,4.295
51.140,4.234
51.150,4.067
51.160,3.910
51.170,4.042
51.180,4.214
51.190,4.272
51.200,4.029
51.210,4.116
51.220,4.161
51.230,4.170
51.240,4.692
51.250,3.945
51.260,3.956
51.270,4.295
51.280,3.999
51.290,4.260
51.300,4.437
51.310,4.277
51.320,4.467
51.330,4.208
51.340,4.613
51.350,3.845
51.360,4.502
51.370,4.488
51.380,4.572
51.390,4.365
51.400,4.677
51.410,4.342
51.420,4.488
51.430,4.327
51.440,4.373
51.450,4.309
51.460,4.589
51.470,4.199
51.480,4.088
51.490,4.424
51.500,4.323
51.510,4.691
51.520,4.336
51.530,4.299
51.540,4.530
51.550,4.123
51.560,3.885
51.570,4.520
51.580,4.677
51.590,4.660
51.600,4.644
51.610,4.261
51.620,4.208
51.630,4.104
51.640,4.330
51.650,4.458
51.660,4.450
51.670,4.204
51.680,3.764
51.690,4.220
51.700,4.343
51.710,4.171
51.720,4.560
51.730,4.672
51.740,4.082
51.750,4.512
51.760,4.502
51.770,4.994
51.780,4.856
51.790,4.571
51.800,4.488
51.810,4.542
51.820,4.565
51.830,4.819
51.840,4.337
51.850,3.931
51.860,4.419
51.870,4.452
51.880,4.555
51.890,4.280
51.900,4.650
51.910,4.246
51.920,3.908
51.930,4.577
51.940,4.196
51.950,4.204
51.960,4.008
51.970,4.391
51.980,4.307
51.990,4.178
52.000,4.113
52.010,4.046
52.020,4.503
52.030,4.999
52.040,4.572
52.050,5.292
52.060,4.554
52.070,4.945
52.080,4.756
52.090,4.919
52.100,4.729
52.110,4.234
52.120,4.196
52.130,4.909
52.140,4.642
52.150,5.005
52.160,4.803
52.170,4.775
52.180,5.279
52.190,4.662
52.200,5.297
52.210,4.590
52.220,4.455
52.230,4.513
52.240,4.337
52.250,4.761
52.260,4.276
52.270,4.747
52.280,4.862
52.290,4.221
52.300,4.567
52.310,4.572
52.320,4.375
52.330,4.724
52.340,4.475
52.350,4.682
52.360,4.218
52.370,4.342
52.380,4.501
52.390,4.547
52.400,4.412
52.410,4.561
52.420,5.030
52.430,4.190
52.440,4.260
52.450,4.764
52.460,5.015
52.470,4.571
52.480,4.511
52.490,4.928
52.500,4.455
52.510,4.163
52.520,4.067
52.530,4.532
52.540,4.716
52.550,4.519
52.560,4.637
52.570,4.267
52.580,4.630
52.590,4.459
52.600,4.324
52.610,4.947
52.620,4.136
52.630,4.264
52.640,4.274
52.650,4.221
52.660,4.314
52.670,4.336
52.680,4.533
52.690,4.149
52.700,4.300
52.710,4.271
52.720,4.447
52.730,4.744
52.740,4.314
52.750,4.560
52.760,4.656
52.770,4.554
52.780,4.520
52.790,4.657
52.800,4.300
52.810,4.770
52.820,4.229
52.830,4.800
52.840,4.586
52.850,4.971
52.860,4.690
52.870,4.491
52.880,4.193
52.890,4.079
52.900,4.649
52.910,4.350
52.920,4.636
52.930,4.281
52.940,4.950
52.950,4.825
52.960,4.449
52.970,4.569
52.980,4.777
52.990,5.114
53.000,4.669
53.010,4.085
53.020,4.729
53.030,4.552
53.040,4.933
53.050,4.709
53.060,4.249
53.070,4.533
53.080,4.343
53.090,4.390
53.100,4.643
53.110,4.813
53.120,4.444
53.130,4.847
53.140,4.702
53.150,4.699
53.160,4.405
53.170,4.720
53.180,4.775
53.190,4.636
53.200,4.480
53.210,4.863
53.220,4.450
53.230,3.705
53.240,4.028
53.250,4.272
53.260,3.846
53.270,4.566
53.280,4.056
53.290,4.443
53.300,4.278
53.310,4.855
53.320,4.430
53.330,4.814
53.340,4.819
53.350,4.464
53.360,5.022
53.370,4.746
53.380,4.790
53.390,4.855
53.400,4.787
53.410,4.413
53.420,4.425
53.430,4.694
53.440,4.687
53.450,4.410
53.460,4.565
53.470,4.661
53.480,4.721
53.490,4.768
53.500,4.636
53.510,4.322
53.520,4.113
53.530,4.960
53.540,4.712
53.550,4.752
53.560,4.326
53.570,4.400
53.580,4.787
53.590,5.066
53.600,4.577
53.610,4.574
53.620,4.902
53.630,4.953
53.640,4.897
53.650,4.893
53.660,4.713
53.670,4.365
53.680,4.563
53.690,4.654
53.700,5.035
53.710,4.621
53.720,5.101
53.730,4.636
53.740,4.394
53.750,4.784
53.760,4.770
53.770,4.430
53.780,3.884
53.790,4.781
53.800,4.559
53.810,4.244
53.820,4.321
53.830,4.539
53.840,4.396
53.850,4.521
53.860,4.244
53.870,3.910
53.880,4.404
53.890,4.066
53.900,4.265
53.910,4.498
53.920,4.755
53.930,3.623
53.940,4.124
53.950,4.418
53.960,3.890
53.970,4.267
53.980,4.767
53.990,4.746
54.000,5.022
54.010,4.571
54.020,4.852
54.030,4.448
54.040,5.086
54.050,4.814
54.060,4.642
54.070,4.273
54.080,5.044
54.090,4.486
54.100,4.914
54.110,4.685
54.120,4.389
54.130,4.719
54.140,4.819
54.150,4.684
54.160,4.799
54.170,4.025
54.180,4.803
54.190,4.574
54.200,4.446
54.210,4.278
54.220,4.869
54.230,4.484
54.240,4.790
54.250,5.087
54.260,4.705
54.270,4.323
54.280,4.570
54.290,4.502
54.300,4.615
54.310,4.429
54.320,4.400
54.330,4.549
54.340,4.474
54.350,4.310
54.360,4.363
54.370,4.214
54.380,4.846
54.390,4.650
54.400,4.237
54.410,4.469
54.420,4.404
54.430,4.360
54.440,4.242
54.450,4.247
54.460,4.552
54.470,4.962
54.480,4.253
54.490,4.462
54.500,4.529
54.510,4.713
54.520,4.433
54.530,4.833
54.540,4.843
54.550,4.636
54.560,4.577
54.570,4.282
54.580,4.595
54.590,4.631
54.600,4.422
54.610,4.504
54.620,4.516
54.630,4.488
54.640,4.942
54.650,4.605
54.660,4.673
54.670,4.454
54.680,4.194
54.690,4.612
54.700,4.212
54.710,4.664
54.720,4.451
54.730,4.550
54.740,4.903
54.750,4.459
54.760,4.505
54.770,4.829
54.780,4.630
54.790,4.515
54.800,4.538
54.810,4.426
54.820,4.580
54.830,4.131
54.840,4.540
54.850,5.149
54.860,4.534
54.870,4.614
54.880,4.872
54.890,4.845
54.900,4.733
54.910,4.292
54.920,4.234
54.930,4.164
54.940,4.254
54.950,4.632
54.960,3.775
54.970,4.006
54.980,4.381
54.990,4.502
55.000,4.144
55.010,4.419
55.020,4.077
55.030,4.516
55.040,4.312
55.050,4.611
55.060,4.444
55.070,4.548
55.080,4.584
55.090,4.222
55.100,4.242
55.110,4.003
55.120,4.260
55.130,4.410
55.140,4.611
55.150,4.352
55.160,4.018
55.170,4.026
55.180,4.144
55.190,4.248
55.200,4.440
55.210,4.056
55.220,4.335
55.230,4.118
55.240,4.148
55.250,4.483
55.260,4.038
55.270,3.955
55.280,4.111
55.290,4.272
55.300,3.574
55.310,3.724
55.320,3.996
55.330,4.243
55.340,3.900
55.350,4.437
55.360,3.703
55.370,3.815
55.380,3.896
55.390,3.877
55.400,4.134
55.410,4.222
55.420,4.205
55.430,3.865
55.440,4.267
55.450,4.040
55.460,3.949
55.470,4.116
55.480,4.183
55.490,4.145
55.500,3.913
55.510,4.204
55.520,4.224
55.530,3.899
55.540,3.791
55.550,4.041
55.560,4.135
55.570,4.147
55.580,4.101
55.590,4.458
55.600,4.192
55.610,3.826
55.620,3.952
55.630,4.383
55.640,4.137
55.650,3.586
55.660,4.003
55.670,4.197
55.680,3.991
55.690,3.990
55.700,4.167
55.710,4.222
55.720,4.152
55.730,3.772
55.740,4.008
55.750,4.126
55.760,3.627
55.770,4.114
55.780,3.742
55.790,4.185
55.800,4.019
55.810,3.986
55.820,4.399
55.830,4.028
55.840,3.970
55.850,4.059
55.860,3.932
55.870,4.258
55.880,4.176
55.890,4.311
55.900,3.556
55.910,4.499
55.920,4.148
55.930,3.899
55.940,4.035
55.950,3.697
55.960,4.051
55.970,4.208
55.980,4.326
55.990,4.212
56.000,4.316
56.010,3.901
